ID	Choice	Relacao	Age	D_Senior	D_Male	Income	D_Wealth	License	QtdVeic	D_Veic	D_TripChain	Destino	D1_CT	D2_EDU	Acess_PNT	Frequence	D1_Turista	D2_Assiduo	D_Fds	D_Quinzenal	D_Mensal	Distance_1	TTime1_1	Cost_1	Distance_2	TTime1_2	Cost_2
32	2	1	23	0	0	1000	0	1	1	0	0	10	0	0	0.69	5	0	1	0	0	0	18	0.42	6.01	19.1	1.38	10.8
33	2	1	20	0	1	7000	0	1	2	1	1	8	1	0	0.85	5	0	1	0	0	0	7.4	0.17	2.47	9.2	0.97	12.8
34	1	1	35	0	0	3000	0	1	3	1	1	6	0	1	0	5	0	1	0	0	0	26.2	0.52	8.75	31.4	1.42	7
42	1	1	23	0	1	14000	1	1	2	1	0	8	1	0	0	5	0	1	0	0	0	36	0.63	12.02	38.4	3.57	29.9
44	1	1	23	0	1	10000	1	1	2	1	0	8	1	0	0	5	0	1	0	0	0	15.9	0.35	5.31	21.8	1.87	3.8
45	2	1	21	0	0	30000	1	1	1	0	0	8	1	0	1	5	0	1	0	0	0	12.4	0.4	4.14	14.82	1.58	3.8
53	1	1	22	0	1	5000	0	1	2	1	0	1	0	1	0	5	0	1	1	0	0	18.5	0.32	6.18	21.1	1.7	6.7
62	2	1	20	0	0	1000	0	1	1	0	0	1	0	1	1	3	0	0	0	0	0	11.4	0.3	3.81	13.3	1.28	3.8
64	1	1	33	0	1	7000	0	1	1	0	0	3	0	0	0.72	0	1	0	0	0	1	12.4	0.25	4.14	21.1	1.37	10.7
66	2	1	24	0	0	4000	0	1	2	1	0	2	0	1	0.28	4	0	1	0	0	0	17	0.43	5.68	20.2	1.32	7
67	2	1	23	0	0	1000	0	1	3	1	0	8	1	0	0.27	4	0	1	0	0	0	27.5	0.53	9.19	37.1	1.7	10.7
71	1	1	22	0	0	5000	0	1	3	1	0	8	1	0	1	4	0	1	0	0	0	11.9	0.32	3.97	14.6	1.45	16.6
73	2	1	21	0	0	1000	0	1	1	0	0	8	1	0	0	5	0	1	0	0	0	26.2	0.52	8.75	31.4	1.42	7
74	2	1	21	0	1	5000	0	1	1	0	0	8	1	0	0.18	5	0	1	0	0	0	43.6	0.78	14.56	42.7	2	7
76	2	1	21	0	0	10000	1	1	1	0	1	2	0	1	0.37	2	1	0	0	0	0	14.2	0.33	4.74	15.9	1.38	3.8
78	1	1	23	0	0	30000	1	1	4	1	0	8	1	0	0	5	0	1	0	0	0	36	0.63	12.02	38.4	3.57	29.9
82	2	1	23	0	0	20000	1	1	2	1	0	8	1	0	0.1	5	0	1	0	0	0	27.4	0.45	9.15	27.17	2.25	12.1
83	1	1	22	0	1	4000	0	1	2	1	0	1	0	1	1	5	0	1	0	0	0	13.1	0.38	4.38	14.7	1.33	3.8
86	2	1	24	0	1	35000	1	1	2	1	0	8	1	0	0.32	5	0	1	0	0	0	14.3	0.42	4.78	18.74	1.38	3.8
87	2	1	24	0	0	6000	0	1	2	1	1	6	0	1	0	2	1	0	0	0	0	18.5	0.32	6.18	21.1	1.7	6.7
88	1	1	18	0	0	5000	0	1	2	1	0	8	1	0	0.78	5	0	1	0	0	0	20.4	0.4	6.81	20	1.77	9.3
91	2	1	20	0	1	8000	1	1	1	0	0	8	1	0	0	5	0	1	0	0	0	18.5	0.32	6.18	21.1	1.7	6.7
103	2	1	23	0	0	3000	0	1	1	0	0	2	0	1	0.43	5	0	1	0	0	0	20.4	0.45	6.81	22.2	1.9	3.8
115	1	1	23	0	0	8000	1	1	2	1	1	8	1	0	1	5	0	1	0	0	0	10.7	0.28	3.57	12.4	1.22	18.7
119	2	1	25	0	0	7000	0	1	1	0	0	9	0	0	1	5	0	1	0	0	0	9.1	0.2	3.04	11	1.1	16.6
129	2	1	18	0	1	8000	1	1	2	1	0	8	1	0	1	5	0	1	0	0	0	15.3	0.35	5.11	17	1.58	3.8
135	1	1	25	0	1	20000	1	1	2	1	0	8	1	0	0	0	1	0	0	0	1	15.9	0.35	5.31	21.8	1.87	3.8
139	2	1	20	0	0	12000	1	1	1	0	1	11	0	0	0.59	5	0	1	1	0	0	14.7	0.33	4.91	12.3	1.25	3.8
142	2	1	27	0	0	3000	0	1	1	0	0	6	0	1	1	5	0	1	0	0	0	11.4	0.3	3.81	14	1.32	22.7
149	2	1	19	0	0	4000	0	1	1	0	0	6	0	1	0.39	5	0	1	0	0	0	31.2	0.58	10.42	41.1	1.88	10.7
154	2	1	24	0	1	3000	0	1	2	1	0	2	0	1	0	5	0	1	0	0	0	31.7	0.57	10.59	46.2	2.23	10.7
157	2	1	20	0	0	30000	1	1	3	1	0	1	0	1	0.73	5	0	1	0	0	0	16.2	0.38	5.41	17.3	1.45	3.8
160	2	1	23	0	0	8000	1	1	2	1	0	2	0	1	0	5	0	1	0	0	0	31.7	0.57	10.59	46.2	2.23	10.7
166	1	1	20	0	1	10000	1	1	2	1	0	8	1	0	0.78	5	0	1	0	0	0	20.4	0.4	6.81	20	1.77	9.3
167	2	1	33	0	1	5000	0	1	1	0	1	6	0	1	0.1	5	0	1	0	0	0	22.8	0.45	7.62	22.7	2.08	10.5
178	2	1	22	0	1	10000	1	1	1	0	1	8	1	0	1	5	0	1	1	0	0	9.1	0.2	3.04	11	1.1	16.6
184	2	1	32	0	0	1000	0	1	1	0	0	1	0	1	0	4	0	1	0	0	0	36.7	0.7	12.26	55.8	5	29.8
186	1	1	23	0	1	22000	1	1	3	1	1	8	1	0	0.1	4	0	1	0	0	0	27.4	0.45	9.15	27.17	2.25	12.1
187	1	1	25	0	0	5000	0	1	1	0	1	6	0	1	1	5	0	1	0	0	0	9.1	0.2	3.04	11	1.1	16.6
189	1	1	24	0	0	14000	1	1	3	1	0	8	1	0	0	4	0	1	0	0	0	26.2	0.52	8.75	31.4	1.42	7
207	1	1	33	0	1	14000	1	1	1	0	1	2	0	1	1	2	1	0	0	0	0	13.1	0.38	4.38	14.7	1.33	3.8
223	2	1	21	0	0	5000	0	1	1	0	1	6	0	1	0.59	5	0	1	0	0	0	14.7	0.33	4.91	12.3	1.25	3.8
226	2	1	19	0	0	4000	0	1	1	0	0	8	1	0	0.01	4	0	1	0	0	0	21.2	0.45	7.08	21	1.33	7
228	2	1	22	0	0	5000	0	1	1	0	0	2	0	1	0	5	0	1	0	0	0	19.7	0.5	6.58	21.79	2.1	17.8
236	2	1	23	0	0	4000	0	1	1	0	0	1	0	1	0	5	0	1	0	0	0	18.5	0.32	6.18	21.1	1.7	6.7
237	2	1	18	0	0	10000	1	1	1	0	0	6	0	1	0.1	5	0	1	0	0	0	27.4	0.45	9.15	27.17	2.25	12.1
249	2	1	26	0	0	5000	0	1	2	1	1	6	0	1	0	5	0	1	0	0	0	36	0.63	12.02	38.4	3.57	29.9
250	2	1	23	0	0	10000	1	1	2	1	1	2	0	1	0.16	5	0	1	0	0	0	11.8	0.33	3.94	15.7	1.57	9.3
270	2	1	22	0	0	18000	1	1	2	1	0	6	0	1	0	4	0	1	0	0	0	27	0.52	9.02	31.5	2.7	14.2
274	2	1	21	0	0	16000	1	1	1	0	0	8	1	0	1	4	0	1	0	0	0	13.1	0.38	4.38	14.7	1.33	3.8
275	2	1	20	0	1	35000	1	1	3	1	0	1	0	1	0.68	5	0	1	0	0	0	17.9	0.4	5.98	28.1	1.78	3.8
279	2	1	20	0	0	6000	0	1	2	1	0	6	0	1	0.73	5	0	1	0	0	0	11.8	0.25	3.94	12.1	1.12	7
283	2	1	23	0	0	2000	0	1	1	0	0	8	1	0	0.18	4	0	1	0	0	0	43.6	0.78	14.56	42.7	2	7
284	1	1	22	0	1	10000	1	1	1	0	0	8	1	0	0	5	0	1	0	0	0	17.9	0.42	5.98	22.34	1.9	3.8
286	2	1	24	0	0	4000	0	1	1	0	1	6	0	1	0.16	1	1	0	0	0	0	11.8	0.33	3.94	15.7	1.57	9.3
291	1	1	36	0	1	6000	0	1	1	0	1	6	0	1	1	5	0	1	0	0	0	12.9	0.35	4.31	14.6	1.43	18.69
296	1	1	25	0	1	5000	0	1	2	1	0	8	1	0	0	5	0	1	0	0	0	17.6	0.4	5.88	23.71	2.02	3.8
297	2	1	20	0	1	4000	0	1	1	0	0	8	1	0	0.67	5	0	1	1	0	0	21.1	0.4	7.05	21	1.38	7.5
299	2	1	24	0	0	5000	0	1	1	0	0	11	0	0	0	5	0	1	0	0	0	18.5	0.32	6.18	21.1	1.7	6.7
303	1	1	22	0	0	12000	1	1	2	1	0	2	0	1	0	5	0	1	0	0	0	14.2	0.27	4.74	19	1.58	3.8
306	2	1	21	0	0	10000	1	1	1	0	0	2	0	1	0	5	0	1	0	0	0	18.5	0.32	6.18	21.1	1.7	6.7
307	2	1	27	0	1	5000	0	1	1	0	1	8	1	0	0.98	5	0	1	0	0	0	22.3	0.43	7.45	23.7	1.48	7
311	1	1	20	0	0	20000	1	1	3	1	0	2	0	1	0.1	5	0	1	0	0	0	27.4	0.45	9.15	27.17	2.25	12.1
313	2	1	20	0	1	10000	1	1	3	1	0	2	0	1	0.1	5	0	1	0	0	0	22.8	0.45	7.62	22.7	2.08	10.5
320	2	1	22	0	0	7000	0	1	2	1	0	2	0	1	1	5	0	1	0	0	0	13.1	0.38	4.38	14.7	1.33	3.8
321	2	1	19	0	1	7000	0	1	1	0	0	8	1	0	0.1	5	0	1	0	0	0	27.4	0.45	9.15	27.17	2.25	12.1
327	1	1	24	0	0	8000	1	1	2	1	0	8	1	0	0	5	0	1	0	0	0	31.7	0.57	10.59	46.2	2.23	10.7
332	2	1	25	0	0	35000	1	1	2	1	1	6	0	1	0.48	4	0	1	0	0	0	14.2	0.33	4.74	16.26	1.45	3.8
337	1	1	21	0	0	18000	1	1	3	1	0	2	0	1	0.1	5	0	1	0	0	0	27.4	0.45	9.15	27.17	2.25	12.1
341	2	1	23	0	1	4000	0	1	3	1	1	8	1	0	0	4	0	1	0	0	0	18.5	0.32	6.18	21.1	1.7	6.7
343	2	1	25	0	0	3000	0	1	2	1	0	8	1	0	0.94	5	0	1	0	0	0	16.3	0.3	5.44	19.86	1.72	3.8
348	1	1	21	0	0	20000	1	1	3	1	0	9	0	0	1	5	0	1	1	0	0	13.1	0.38	4.38	14.7	1.33	3.8
362	1	1	22	0	1	20000	1	1	3	1	0	8	1	0	0	5	0	1	0	0	0	14.9	0.33	4.98	18.9	1.32	12.4
364	1	1	24	0	0	9000	1	1	1	0	1	8	1	0	0	5	0	1	0	0	0	17.6	0.4	5.88	23.71	2.02	3.8
382	2	1	18	0	1	35000	1	1	2	1	0	8	1	0	1	5	0	1	0	0	0	13.1	0.38	4.38	14.7	1.33	3.8
389	2	1	21	0	0	2000	0	1	1	0	1	6	0	1	0.26	5	0	1	0	0	0	29.2	0.6	9.75	39.2	1.78	10.7
393	2	1	23	0	1	10000	1	1	1	0	0	8	1	0	1	5	0	1	0	0	0	13.1	0.38	4.38	14.7	1.33	3.8
395	1	1	19	0	0	35000	1	1	1	0	0	8	1	0	0	5	0	1	0	0	0	17.6	0.4	5.88	23.71	2.02	3.8
400	2	1	21	0	0	2000	0	1	1	0	0	2	0	1	0	4	0	1	0	0	0	14.9	0.33	4.98	18.9	1.32	12.4
403	1	1	22	0	1	9000	1	1	3	1	1	2	0	1	1	5	0	1	0	0	0	15.3	0.35	5.11	17	1.58	3.8
409	2	1	20	0	0	5000	0	1	1	0	0	1	0	1	0	5	0	1	1	0	0	14.9	0.33	4.98	18.9	1.32	12.4
412	2	1	20	0	1	3000	0	1	2	1	0	2	0	1	0	5	0	1	0	0	0	41.3	0.73	13.79	39.6	1.85	7
424	2	1	31	0	0	5000	0	1	1	0	1	6	0	1	0.37	5	0	1	0	0	0	21	0.42	7.01	22	1.95	10.5
428	2	1	20	0	1	3000	0	1	1	0	0	8	1	0	0	5	0	1	0	0	0	29.4	0.53	9.82	41.5	1.9	10.7
429	2	1	25	0	1	10000	1	1	2	1	1	11	0	0	0.84	5	0	1	0	0	0	9.3	0.23	3.11	9.8	1.02	3.8
435	2	1	53	1	1	6000	0	1	1	0	1	1	0	1	0.58	5	0	1	0	0	0	19.2	0.33	6.41	17.6	1.75	13.8
438	1	1	23	0	1	4000	0	1	3	1	1	8	1	0	0	5	0	1	0	0	0	11.2	0.22	3.74	12.8	0.93	7
442	2	1	19	0	0	10000	1	1	1	0	0	11	0	0	0	5	0	1	0	0	0	17.9	0.42	5.98	22.34	1.9	3.8
450	1	1	48	1	0	6000	0	1	1	0	0	6	0	1	0.18	5	0	1	0	0	0	43.6	0.78	14.56	42.7	2	7
454	2	1	19	0	1	7000	0	1	2	1	0	8	1	0	0.24	5	0	1	1	0	0	27	0.48	9.02	27.5	2.35	3.8
460	1	1	27	0	0	35000	1	1	4	1	1	6	0	1	0.99	2	1	0	0	0	0	13.8	0.4	4.61	17.5	1.83	16.59
464	2	1	25	0	1	10000	1	1	2	1	0	8	1	0	0	5	0	1	0	0	0	14.9	0.32	4.98	17.6	1.72	3.8
468	2	1	30	0	1	2000	0	1	1	0	1	6	0	1	1	5	0	1	0	0	0	10.7	0.23	3.57	12.9	1.28	16.59
472	1	2	28	0	1	12000	1	1	1	0	0	8	1	0	0	1	1	0	0	0	0	14.9	0.32	4.98	17.6	1.72	3.8
474	2	1	22	0	1	2000	0	1	1	0	0	8	1	0	1	5	0	1	1	0	0	11.4	0.3	3.81	13.3	1.28	3.8
493	1	1	20	0	0	10000	1	1	1	0	0	8	1	0	0.68	5	0	1	0	0	0	17.9	0.4	5.98	28.1	1.78	3.8
503	1	1	27	0	0	5000	0	1	1	0	0	8	1	0	1	5	0	1	0	0	0	12.6	0.33	4.21	14.5	1.38	18.69
516	2	1	21	0	0	8000	1	1	1	0	0	8	1	0	1	5	0	1	0	0	0	9.1	0.2	3.04	11	1.1	16.6
520	2	1	42	0	1	4000	0	1	1	0	0	6	0	1	0.99	3	0	0	0	0	0	16.1	0.37	5.38	16	1.23	7.5
527	2	1	19	0	0	9000	1	1	1	0	1	8	1	0	0.78	4	0	1	0	0	0	20.4	0.4	6.81	20	1.77	9.3
528	2	1	23	0	1	7000	0	1	1	0	0	2	0	1	0	5	0	1	0	0	0	18.5	0.32	6.18	21.1	1.7	6.7
529	2	1	20	0	0	20000	1	1	2	1	0	2	0	1	0	5	0	1	0	0	0	19.7	0.5	6.58	21.79	2.1	17.8
537	1	1	20	0	0	4000	0	1	1	0	0	8	1	0	0	5	0	1	0	0	0	13.9	0.28	4.64	24.7	1.55	10.7
538	2	1	23	0	0	4000	0	1	1	0	0	2	0	1	1	5	0	1	0	0	0	13.1	0.38	4.38	14.7	1.33	3.8
541	2	1	20	0	0	10000	1	1	1	0	0	2	0	1	0	2	1	0	0	0	0	17.6	0.4	5.88	23.71	2.02	3.8
542	2	1	20	0	0	10000	1	1	4	1	0	6	0	1	1	2	1	0	1	0	0	11	0.27	3.67	12.9	1.33	16.59
568	2	1	25	0	1	3000	0	1	1	0	1	6	0	1	0	5	0	1	0	0	0	14.9	0.33	4.98	18.9	1.32	12.4
571	2	1	19	0	0	10000	1	1	1	0	0	6	0	1	0.84	5	0	1	0	0	0	9.3	0.23	3.11	9.8	1.02	3.8
573	2	1	22	0	0	4000	0	1	2	1	0	2	0	1	0.99	5	0	1	0	0	0	16.1	0.37	5.38	16	1.23	7.5
577	2	1	21	0	0	4000	0	1	1	0	0	2	0	1	1	5	0	1	0	0	0	9.1	0.2	3.04	11	1.1	16.6
582	2	1	23	0	1	3000	0	1	1	0	1	1	0	1	1	5	0	1	0	0	0	12.6	0.33	4.21	14.5	1.38	18.69
583	2	1	24	0	0	22000	1	1	1	0	0	2	0	1	0	4	0	1	0	0	0	13.5	0.4	4.51	16.4	1.63	3.8
609	1	2	27	0	0	14000	1	1	1	0	0	8	1	0	1	5	0	1	0	0	0	14	0.32	4.68	17.4	1.58	5.4
612	1	2	25	0	0	18000	1	1	2	1	0	8	1	0	0.73	0	1	0	0	1	0	16.2	0.38	5.41	17.3	1.45	3.8
617	2	2	23	0	0	5000	0	1	1	0	0	8	1	0	0	3	0	0	0	0	0	12.3	0.33	4.11	20.7	1.38	7.5
634	1	2	26	0	0	10000	1	1	2	1	1	8	1	0	1	3	0	0	0	0	0	14.1	0.4	4.71	17.6	1.73	16.59
644	2	2	24	0	0	5000	0	1	2	1	1	8	1	0	0	5	0	1	0	0	0	14.9	0.33	4.98	18.9	1.32	12.4
650	1	2	27	0	1	10000	1	1	1	0	0	8	1	0	0	5	0	1	0	0	0	18.5	0.32	6.18	21.1	1.7	6.7
653	2	1	26	0	1	3000	0	1	1	0	0	8	1	0	0.37	5	0	1	0	0	0	18	0.32	6.01	19.9	1.68	3.8
656	1	2	68	1	1	8000	1	1	1	0	0	8	1	0	0	0	1	0	0	1	0	18.5	0.32	6.18	21.1	1.7	6.7
666	2	2	26	0	0	8000	1	1	1	0	0	8	1	0	0.85	4	0	1	0	0	0	18.9	0.43	6.31	20.1	1.45	10.8
671	2	1	19	0	1	8000	1	1	3	1	0	8	1	0	0	5	0	1	0	0	0	53.4	0.77	17.84	55.7	4.45	28.45
673	1	2	47	1	1	18000	1	1	2	1	0	8	1	0	0	2	1	0	0	0	0	18.5	0.32	6.18	21.1	1.7	6.7
675	2	2	28	0	1	20000	1	1	1	0	0	8	1	0	0.68	5	0	1	0	0	0	17.9	0.4	5.98	28.1	1.78	3.8
680	2	2	23	0	0	4000	0	1	1	0	0	8	1	0	0.43	5	0	1	0	0	0	20.4	0.45	6.81	22.2	1.9	3.8
686	1	1	23	0	1	10000	1	1	3	1	1	8	1	0	0.61	4	0	1	0	0	0	28.8	0.53	9.62	25.5	2.43	10.5
688	2	1	24	0	1	35000	1	1	1	0	0	8	1	0	0.68	3	0	0	0	0	0	17.9	0.4	5.98	28.1	1.78	3.8
694	2	1	20	0	1	3000	0	1	1	0	0	8	1	0	0	5	0	1	0	0	0	31.7	0.57	10.59	46.2	2.23	10.7
696	1	1	23	0	1	18000	1	1	3	1	0	8	1	0	1	4	0	1	0	0	0	13.1	0.38	4.38	14.7	1.33	3.8
703	1	1	20	0	1	35000	1	1	4	1	0	8	1	0	0	5	0	1	0	0	0	17.9	0.42	5.98	22.34	1.9	3.8
707	1	1	22	0	1	18000	1	1	2	1	0	8	1	0	0	5	0	1	0	0	0	18.5	0.32	6.18	21.1	1.7	6.7
708	2	1	22	0	1	8000	1	1	1	0	0	8	1	0	0	5	0	1	0	0	0	18.5	0.32	6.18	21.1	1.7	6.7
711	2	1	24	0	0	10000	1	1	2	1	0	8	1	0	0	3	0	0	0	0	0	18.5	0.32	6.18	21.1	1.7	6.7
713	1	1	22	0	1	20000	1	1	3	1	1	8	1	0	0.1	4	0	1	0	0	0	27.4	0.45	9.15	27.17	2.25	12.1
715	1	1	20	0	0	35000	1	1	2	1	0	8	1	0	0	4	0	1	0	0	0	14.9	0.32	4.98	17.6	1.72	3.8
717	1	1	21	0	0	6000	0	1	1	0	0	8	1	0	0.37	5	0	1	0	0	0	14.2	0.33	4.74	15.9	1.38	3.8
720	1	1	22	0	1	20000	1	1	4	1	1	8	1	0	1	5	0	1	0	0	0	9.1	0.2	3.04	11	1.1	16.6
724	1	1	22	0	0	5000	0	1	1	0	1	8	1	0	0.72	4	0	1	0	0	0	12.4	0.25	4.14	21.1	1.37	10.7
734	2	2	27	0	1	24000	1	1	3	1	1	8	1	0	0	1	1	0	0	0	0	36	0.63	12.02	38.4	3.57	29.9
738	2	1	23	0	1	7000	0	1	1	0	1	8	1	0	0.43	3	0	0	0	0	0	20.4	0.45	6.81	22.2	1.9	3.8
739	1	1	22	0	1	22000	1	1	3	1	0	8	1	0	0	5	0	1	0	0	0	18.5	0.32	6.18	21.1	1.7	6.7
742	1	1	23	0	1	20000	1	1	2	1	0	8	1	0	1	5	0	1	0	0	0	13.1	0.38	4.38	14.7	1.33	3.8
743	2	1	19	0	1	30000	1	1	2	1	0	8	1	0	0	5	0	1	0	0	0	19.7	0.5	6.58	21.79	2.1	17.8
748	2	1	23	0	0	35000	1	1	4	1	1	8	1	0	0.37	5	0	1	0	0	0	14.2	0.33	4.74	15.9	1.38	3.8
750	1	1	22	0	1	1000	0	1	4	1	0	8	1	0	0.37	5	0	1	0	0	0	14.2	0.33	4.74	15.9	1.38	3.8
751	1	1	23	0	0	2000	0	1	1	0	0	8	1	0	0	4	0	1	0	0	0	27	0.52	9.02	31.5	2.7	14.2
760	1	2	26	0	1	8000	1	1	1	0	0	8	1	0	0.43	5	0	1	0	0	0	20.4	0.45	6.81	22.2	1.9	3.8
763	1	1	25	0	1	14000	1	1	3	1	1	8	1	0	0	5	0	1	0	0	0	36	0.63	12.02	38.4	3.57	29.9
767	1	1	19	0	1	6000	0	1	3	1	0	8	1	0	0.18	4	0	1	0	0	0	43.6	0.78	14.56	42.7	2	7
780	1	1	27	0	1	18000	1	1	3	1	1	8	1	0	0.1	5	0	1	1	0	0	27.4	0.45	9.15	27.17	2.25	12.1
786	2	1	23	0	0	7000	0	1	1	0	1	6	0	1	0.14	5	0	1	0	0	0	13.3	0.37	4.44	17	1.65	9.3
799	2	1	19	0	0	6000	0	1	1	0	1	2	0	1	0	2	1	0	0	0	0	17.9	0.42	5.98	22.34	1.9	3.8
809	2	1	23	0	0	6000	0	1	2	1	0	11	0	0	0.99	0	1	0	0	0	1	5.8	0.12	1.94	7.7	0.8	3.8
811	2	1	20	0	0	12000	1	1	2	1	0	6	0	1	0	5	0	1	0	0	0	18.5	0.32	6.18	21.1	1.7	6.7
828	2	2	29	0	0	5000	0	1	1	0	0	8	1	0	0	5	0	1	0	0	0	18.5	0.32	6.18	21.1	1.7	6.7
835	1	1	24	0	1	9000	1	1	1	0	1	8	1	0	0	4	0	1	0	0	0	23	0.47	7.68	32	2.85	19.8
840	2	1	21	0	1	18000	1	1	1	0	0	8	1	0	0.73	5	0	1	0	0	0	16.2	0.38	5.41	17.3	1.45	3.8
843	2	1	25	0	0	3000	0	1	2	1	1	6	0	1	0.94	2	1	0	0	0	0	16.3	0.3	5.44	19.86	1.72	3.8
848	2	1	22	0	0	22000	1	1	1	0	0	9	0	0	0	5	0	1	0	0	0	17.6	0.4	5.88	23.71	2.02	3.8
853	2	1	23	0	0	12000	1	1	1	0	0	8	1	0	0.99	4	0	1	0	0	0	7.1	0.17	2.37	10.9	0.93	3.8
861	2	1	21	0	0	3000	0	1	1	0	0	8	1	0	0.58	5	0	1	0	0	0	19.2	0.33	6.41	17.6	1.75	13.8
875	2	1	22	0	1	18000	1	1	1	0	0	8	1	0	0.16	5	0	1	0	0	0	11.8	0.33	3.94	15.7	1.57	9.3
877	1	1	22	0	1	1000	0	1	1	0	0	8	1	0	1	5	0	1	0	0	0	14	0.32	4.68	17.4	1.58	5.4
888	1	1	61	1	0	8000	1	1	1	0	0	6	0	1	0	3	0	0	0	0	0	14.2	0.27	4.74	19	1.58	3.8
889	1	1	19	0	1	7000	0	1	2	1	0	1	0	1	1	4	0	1	0	0	0	9.1	0.2	3.04	11	1.1	16.6
890	1	1	23	0	1	20000	1	1	2	1	0	6	0	1	0	5	0	1	0	0	0	18.5	0.32	6.18	21.1	1.7	6.7
893	2	1	25	0	0	3000	0	1	2	1	0	6	0	1	1	4	0	1	0	0	0	5.1	0.17	1.7	8	0.83	3.8
894	2	1	24	0	0	1000	0	1	1	0	1	8	1	0	1	5	0	1	0	0	0	1	0.07	0.33	1	0.17	0
895	2	1	18	0	0	4000	0	1	1	0	0	1	0	1	0	4	0	1	0	0	0	27	0.52	9.02	31.5	2.7	14.2
897	1	1	22	0	0	35000	1	1	1	0	0	9	0	0	0.48	5	0	1	0	0	0	14.2	0.33	4.74	16.26	1.45	3.8
903	1	1	24	0	1	4000	0	1	1	0	0	8	1	0	0.78	5	0	1	0	0	0	20.4	0.4	6.81	20	1.77	9.3
907	1	1	22	0	1	6000	0	1	2	1	0	1	0	1	0.59	5	0	1	0	0	0	14.7	0.33	4.91	12.3	1.25	3.8
912	1	1	24	0	1	35000	1	1	4	1	0	8	1	0	0.1	5	0	1	0	0	0	27.4	0.45	9.15	27.17	2.25	12.1
930	1	1	23	0	1	20000	1	1	1	0	0	8	1	0	0.37	4	0	1	0	0	0	14.2	0.33	4.74	15.9	1.38	3.8
936	1	1	22	0	1	3000	0	1	2	1	0	1	0	1	1	5	0	1	0	0	0	7.4	0.17	2.47	9	0.83	3.8
941	2	1	24	0	0	8000	1	1	3	1	1	6	0	1	0.1	2	1	0	0	0	0	27.4	0.45	9.15	27.17	2.25	12.1
947	2	1	20	0	0	1000	0	1	1	0	1	2	0	1	0.39	5	0	1	0	0	0	31.2	0.58	10.42	41.1	1.88	10.7
948	1	1	24	0	0	6000	0	1	1	0	0	8	1	0	0	3	0	0	0	0	0	18.5	0.32	6.18	21.1	1.7	6.7
955	2	1	28	0	1	5000	0	1	1	0	0	1	0	1	0	4	0	1	0	0	0	36	0.63	12.02	38.4	3.57	29.9
963	2	1	19	0	1	3000	0	1	2	1	0	1	0	1	1	5	0	1	0	0	0	9.1	0.2	3.04	11	1.1	16.6
968	1	1	23	0	0	20000	1	1	1	0	1	9	0	0	0.37	5	0	1	0	0	0	14.2	0.33	4.74	15.9	1.38	3.8
973	1	1	29	0	1	10000	1	1	1	0	0	8	1	0	0	2	1	0	0	0	0	14.9	0.33	4.98	18.9	1.32	12.4
979	1	1	28	0	0	10000	1	1	2	1	0	2	0	1	0.75	1	1	0	0	0	0	9.9	0.23	3.31	11.96	1.1	3.8
980	2	1	26	0	0	8000	1	1	2	1	1	6	0	1	0.85	3	0	0	0	0	0	18.9	0.43	6.31	20.1	1.45	10.8
982	2	1	25	0	0	3000	0	1	1	0	1	1	0	1	1	5	0	1	0	0	0	4.4	0.15	1.47	4.9	0.57	3.8
986	1	1	26	0	1	20000	1	1	2	1	0	8	1	0	0.24	3	0	0	0	0	0	27	0.48	9.02	27.5	2.35	3.8
991	1	1	25	0	1	30000	1	1	3	1	0	8	1	0	0.68	5	0	1	0	0	0	17.9	0.4	5.98	28.1	1.78	3.8
993	2	1	36	0	0	2000	0	1	1	0	0	6	0	1	0	5	0	1	0	0	0	12.3	0.33	4.11	20.7	1.38	7.5
994	1	1	24	0	1	16000	1	1	1	0	0	8	1	0	0.68	4	0	1	0	0	0	17.9	0.4	5.98	28.1	1.78	3.8
997	1	1	26	0	1	16000	1	1	1	0	0	8	1	0	0	5	0	1	0	0	0	18.5	0.32	6.18	21.1	1.7	6.7
1000	2	1	20	0	1	5000	0	1	1	0	0	8	1	0	0	5	0	1	0	0	0	19.8	0.52	6.61	20.4	1.38	7
1001	1	1	20	0	1	8000	1	1	2	1	0	8	1	0	0	3	0	0	0	0	0	31.7	0.57	10.59	46.2	2.23	10.7
1004	2	1	19	0	0	6000	0	1	2	1	0	1	0	1	0	5	0	1	0	0	0	13.5	0.4	4.51	16.4	1.63	3.8
1005	2	1	25	0	0	7000	0	1	2	1	1	11	0	0	0	3	0	0	0	0	0	27	0.52	9.02	31.5	2.7	14.2
1008	2	1	22	0	0	3000	0	1	1	0	0	2	0	1	0.58	5	0	1	1	0	0	19.2	0.33	6.41	17.6	1.75	13.8
1009	1	1	22	0	0	8000	1	1	1	0	0	8	1	0	1	5	0	1	0	0	0	9.4	0.28	3.14	10.8	1	3.8
1018	2	1	20	0	0	3000	0	1	1	0	0	1	0	1	0	5	0	1	0	0	0	50.3	0.9	16.8	54.8	3.57	21.5
1024	1	1	22	0	1	2000	0	1	2	1	1	8	1	0	0.58	5	0	1	0	0	0	19.2	0.33	6.41	17.6	1.75	13.8
1032	1	1	20	0	0	5000	0	1	2	1	0	1	0	1	0.53	4	0	1	0	0	0	8.2	0.2	2.74	10.13	1.1	3.8
1038	2	1	21	0	1	14000	1	1	3	1	1	8	1	0	0	5	0	1	0	0	0	19.8	0.52	6.61	20.4	1.38	7
1041	2	1	18	0	0	10000	1	1	1	0	0	2	0	1	0	5	0	1	0	0	0	15.9	0.35	5.31	21.8	1.87	3.8
1051	1	1	25	0	1	20000	1	1	4	1	1	8	1	0	0	5	0	1	0	0	0	14.2	0.27	4.74	19	1.58	3.8
1057	1	1	26	0	1	9000	1	1	4	1	0	8	1	0	0.1	2	1	0	0	0	0	27.4	0.45	9.15	27.17	2.25	12.1
1062	1	1	21	0	0	12000	1	1	2	1	0	8	1	0	1	5	0	1	1	0	0	13.1	0.38	4.38	14.7	1.33	3.8
1066	2	1	26	0	1	3000	0	1	3	1	0	11	0	0	0	5	0	1	0	0	0	12.3	0.33	4.11	20.7	1.38	7.5
1078	1	1	27	0	1	14000	1	1	4	1	1	6	0	1	0	5	0	1	0	0	0	23	0.47	7.68	32	2.85	19.8
1080	1	1	21	0	0	6000	0	1	3	1	0	8	1	0	0.1	5	0	1	0	0	0	27.4	0.45	9.15	27.17	2.25	12.1
1089	2	1	19	0	1	4000	0	1	1	0	0	1	0	1	1	5	0	1	0	0	0	13.1	0.38	4.38	14.7	1.33	3.8
1090	1	1	22	0	0	14000	1	1	2	1	0	8	1	0	0.1	5	0	1	0	0	0	27.4	0.45	9.15	27.17	2.25	12.1
1093	2	1	23	0	0	3000	0	1	1	0	1	2	0	1	0	4	0	1	0	0	0	26.2	0.52	8.75	31.4	1.42	7
1095	1	1	19	0	0	14000	1	1	2	1	0	8	1	0	0.1	5	0	1	0	0	0	27.4	0.45	9.15	27.17	2.25	12.1
1102	2	1	20	0	1	12000	1	1	4	1	0	8	1	0	0.1	4	0	1	0	0	0	27.4	0.45	9.15	27.17	2.25	12.1
1104	2	1	19	0	0	2000	0	1	1	0	1	1	0	1	0	5	0	1	0	0	0	26.2	0.52	8.75	31.4	1.42	7
1105	1	1	23	0	1	2000	0	1	2	1	0	8	1	0	0.25	4	0	1	0	0	0	14.8	0.3	4.94	15.4	1.22	7
1107	1	2	27	0	0	20000	1	1	2	1	1	8	1	0	0.18	4	0	1	0	0	0	43.6	0.78	14.56	42.7	2	7
1128	2	1	27	0	0	12000	1	1	2	1	0	6	0	1	0.1	5	0	1	1	0	0	27.4	0.45	9.15	27.17	2.25	12.1
1132	2	1	20	0	1	1000	0	1	2	1	0	2	0	1	0	5	0	1	0	0	0	12.1	0.25	4.04	14.4	1.02	7
1133	2	1	28	0	1	1000	0	1	1	0	0	8	1	0	0.39	5	0	1	0	0	0	31.2	0.58	10.42	41.1	1.88	10.7
1138	1	1	23	0	1	12000	1	1	3	1	0	8	1	0	0.78	5	0	1	0	0	0	20.4	0.4	6.81	20	1.77	9.3
1139	2	1	18	0	1	3000	0	1	2	1	1	1	0	1	0.25	3	0	0	0	0	0	14.8	0.3	4.94	15.4	1.22	7
1140	1	1	23	0	1	4000	0	1	2	1	0	8	1	0	0	5	0	1	0	0	0	27	0.52	9.02	31.5	2.7	14.2
1141	1	1	22	0	1	20000	1	1	3	1	1	8	1	0	0.28	5	0	1	0	0	0	16.5	0.37	5.51	18.9	1.62	3.8
1143	1	1	22	0	0	6000	0	1	1	0	0	6	0	1	0.09	4	0	1	0	0	0	18.5	0.45	6.18	19.2	1.38	7
1159	2	1	23	0	0	12000	1	1	1	0	0	2	0	1	0	5	0	1	0	0	0	18.5	0.32	6.18	21.1	1.7	6.7
1160	2	1	23	0	0	1000	0	1	1	0	0	6	0	1	0.18	5	0	1	0	0	0	43.6	0.78	14.56	42.7	2	7
1173	2	1	24	0	1	4000	0	1	1	0	0	6	0	1	0	1	1	0	0	0	0	52.18	0.87	17.43	53.83	2.23	7
1175	2	1	30	0	1	22000	1	1	3	1	1	11	0	0	0.75	5	0	1	0	0	0	9.9	0.23	3.31	11.96	1.1	3.8
1176	2	1	24	0	0	7000	0	1	1	0	0	9	0	0	0.68	1	1	0	0	0	0	17.9	0.4	5.98	28.1	1.78	3.8
1178	2	1	19	0	0	3000	0	1	2	1	0	2	0	1	0	3	0	0	0	0	0	18.5	0.32	6.18	21.1	1.7	6.7
1182	2	1	24	0	1	10000	1	1	1	0	1	8	1	0	1	5	0	1	0	0	0	13.1	0.38	4.38	14.7	1.33	3.8
1184	2	1	25	0	1	1000	0	1	2	1	0	2	0	1	0	4	0	1	0	0	0	18.5	0.32	6.18	21.1	1.7	6.7
1197	2	1	22	0	0	8000	1	1	3	1	0	6	0	1	1	0	1	0	0	0	1	5.5	0.18	1.84	6.4	0.67	3.8
1199	1	1	24	0	0	12000	1	1	1	0	0	6	0	1	0.73	4	0	1	0	0	0	16.2	0.38	5.41	17.3	1.45	3.8
1200	1	1	23	0	0	6000	0	1	2	1	1	8	1	0	0	5	0	1	0	0	0	18.5	0.32	6.18	21.1	1.7	6.7
1201	2	1	20	0	0	2000	0	1	2	1	0	1	0	1	1	5	0	1	0	0	0	12.3	0.25	4.11	14.88	1.4	3.8
1203	2	1	22	0	1	9000	1	1	2	1	1	6	0	1	0.99	5	0	1	0	0	0	13.8	0.4	4.61	17.5	1.83	16.59
1206	1	1	21	0	1	35000	1	1	4	1	0	8	1	0	0.68	5	0	1	0	0	0	17.9	0.4	5.98	28.1	1.78	3.8
1213	2	1	27	0	1	5000	0	1	1	0	1	8	1	0	0.98	5	0	1	0	0	0	22.3	0.43	7.45	23.7	1.48	7
1216	1	1	19	0	0	10000	1	1	2	1	0	2	0	1	0.1	5	0	1	0	0	0	27.4	0.45	9.15	27.17	2.25	12.1
1223	2	1	19	0	0	14000	1	1	1	0	0	6	0	1	1	5	0	1	0	0	0	11.9	0.32	3.97	14.6	1.45	16.6
1225	2	1	21	0	1	10000	1	1	1	0	1	8	1	0	0.59	5	0	1	0	0	0	14.7	0.33	4.91	12.3	1.25	3.8
1227	2	1	24	0	0	10000	1	1	1	0	0	8	1	0	0.75	4	0	1	0	0	0	9.9	0.23	3.31	11.96	1.1	3.8
1234	1	1	25	0	0	10000	1	1	1	0	0	6	0	1	0	4	0	1	0	0	0	18.1	0.37	6.05	18.7	1.8	3.8
1236	2	1	22	0	0	2000	0	1	2	1	0	2	0	1	0.18	5	0	1	0	0	0	43.6	0.78	14.56	42.7	2	7
1242	2	1	19	0	0	12000	1	1	2	1	0	8	1	0	0.1	5	0	1	0	0	0	27.4	0.45	9.15	27.17	2.25	12.1
1248	1	1	19	0	0	10000	1	1	2	1	1	1	0	1	1	5	0	1	0	0	0	10.7	0.28	3.57	12.4	1.22	18.7
1252	1	1	23	0	1	8000	1	1	4	1	1	8	1	0	0.78	4	0	1	0	0	0	20.4	0.4	6.81	20	1.77	9.3
1253	2	1	27	0	1	8000	1	1	1	0	0	1	0	1	0	5	0	1	0	0	0	27	0.52	9.02	31.5	2.7	14.2
1255	2	1	21	0	1	10000	1	1	2	1	0	8	1	0	0.1	5	0	1	0	0	0	22.8	0.45	7.62	22.7	2.08	10.5
1259	2	1	20	0	0	3000	0	1	1	0	1	2	0	1	1	5	0	1	0	0	0	8.4	0.25	2.81	9.7	1.02	3.8
1260	2	1	20	0	0	5000	0	1	1	0	0	6	0	1	0.96	5	0	1	0	0	0	23.5	0.5	7.85	36.5	1.83	10.7
1263	2	1	26	0	0	3000	0	1	1	0	0	1	0	1	0.18	2	1	0	1	0	0	43.6	0.78	14.56	42.7	2	7
1264	2	1	19	0	0	35000	1	1	2	1	0	8	1	0	0.28	5	0	1	0	0	0	16.5	0.37	5.51	18.9	1.62	3.8
1270	2	1	26	0	1	4000	0	1	1	0	0	1	0	1	0.99	5	0	1	0	0	0	16.1	0.37	5.38	16	1.23	7.5
1274	1	1	23	0	0	2000	0	1	1	0	0	8	1	0	0.14	5	0	1	0	0	0	13.3	0.37	4.44	17	1.65	9.3
1277	1	1	22	0	1	10000	1	1	2	1	0	8	1	0	0.16	5	0	1	0	0	0	11.8	0.33	3.94	15.7	1.57	9.3
1279	2	1	22	0	0	4000	0	1	3	1	0	6	0	1	1	5	0	1	0	0	0	13.1	0.38	4.38	14.7	1.33	3.8
1284	1	1	25	0	1	10000	1	1	1	0	1	8	1	0	1	5	0	1	0	0	0	13.1	0.38	4.38	14.7	1.33	3.8
1287	2	1	25	0	0	5000	0	1	1	0	1	6	0	1	0	5	0	1	0	0	0	27	0.52	9.02	31.5	2.7	14.2
1295	2	1	23	0	1	5000	0	1	1	0	1	8	1	0	0	5	0	1	0	0	0	27	0.52	9.02	31.5	2.7	14.2
1299	2	1	20	0	0	2000	0	1	1	0	0	2	0	1	0.72	5	0	1	0	0	0	12.4	0.25	4.14	21.1	1.37	10.7
1304	2	1	21	0	1	1000	0	1	1	0	1	6	0	1	0.43	2	1	0	0	0	0	20.4	0.45	6.81	22.2	1.9	3.8
1305	2	1	23	0	1	7000	0	1	1	0	0	8	1	0	0.48	5	0	1	0	0	0	14.2	0.33	4.74	16.26	1.45	3.8
1307	2	1	23	0	1	10000	1	1	2	1	0	11	0	0	0.68	0	1	0	0	0	1	17.9	0.4	5.98	28.1	1.78	3.8
1312	2	1	42	0	0	2000	0	1	1	0	0	6	0	1	0.66	5	0	1	0	0	0	18	0.33	6.01	22.6	1.25	7
1313	2	1	21	0	0	12000	1	1	2	1	0	8	1	0	1	5	0	1	0	0	0	13.1	0.38	4.38	14.7	1.33	3.8
1323	1	1	23	0	1	35000	1	1	3	1	1	9	0	0	0.73	5	0	1	1	0	0	16.2	0.38	5.41	17.3	1.45	3.8
1327	2	1	25	0	1	16000	1	1	1	0	0	2	0	1	0	5	0	1	0	0	0	18.5	0.32	6.18	21.1	1.7	6.7
1328	1	1	23	0	0	14000	1	1	2	1	1	6	0	1	0	5	0	1	0	0	0	41.5	0.83	13.86	51.1	4.6	29.8
1329	2	1	20	0	1	3000	0	1	1	0	0	2	0	1	0	5	0	1	0	0	0	27	0.52	9.02	31.5	2.7	14.2
1341	1	1	24	0	1	6000	0	1	1	0	0	1	0	1	0.73	5	0	1	0	0	0	16.2	0.38	5.41	17.3	1.45	3.8
1342	1	1	34	0	1	8000	1	1	1	0	0	1	0	1	0	2	1	0	0	0	0	18.5	0.32	6.18	21.1	1.7	6.7
1349	2	1	20	0	0	2000	0	1	1	0	0	6	0	1	0.18	5	0	1	1	0	0	43.6	0.78	14.56	42.7	2	7
1364	2	2	26	0	0	4000	0	1	1	0	0	8	1	0	0.75	5	0	1	0	0	0	9.9	0.23	3.31	11.96	1.1	3.8
1365	2	1	22	0	1	3000	0	1	1	0	0	8	1	0	1	5	0	1	0	0	0	10.2	0.3	3.41	12.8	1.33	3.8
1367	1	1	23	0	0	22000	1	1	1	0	0	9	0	0	1	5	0	1	0	0	0	9.1	0.2	3.04	11	1.1	16.6
1368	1	1	23	0	1	35000	1	1	4	1	0	9	0	0	0.68	5	0	1	0	0	0	17.9	0.4	5.98	28.1	1.78	3.8
1369	1	1	22	0	0	10000	1	1	2	1	1	2	0	1	0.73	5	0	1	1	0	0	16.2	0.38	5.41	17.3	1.45	3.8
1378	2	1	22	0	1	6000	0	1	1	0	0	8	1	0	0.77	2	1	0	0	0	0	14.2	0.3	4.74	15.8	1.37	3.8
1381	2	1	59	1	1	6000	0	1	1	0	0	6	0	1	0	5	0	1	0	0	0	36	0.63	12.02	38.4	3.57	29.9
1386	2	1	21	0	1	18000	1	1	1	0	0	6	0	1	0.37	0	1	0	1	0	0	14.2	0.33	4.74	15.9	1.38	3.8
1395	1	1	24	0	1	9000	1	1	1	0	1	2	0	1	0.73	5	0	1	0	0	0	16.2	0.38	5.41	17.3	1.45	3.8
1398	2	1	20	0	0	3000	0	1	1	0	0	6	0	1	0.98	5	0	1	0	0	0	22.3	0.43	7.45	23.7	1.48	7
1404	2	1	22	0	0	3000	0	1	1	0	1	6	0	1	0.16	1	1	0	0	0	0	11.8	0.33	3.94	15.7	1.57	9.3
1414	1	1	25	0	0	12000	1	1	4	1	0	11	0	0	0	5	0	1	1	0	0	12.1	0.25	4.04	14.4	1.02	7
1420	1	1	22	0	0	35000	1	1	3	1	0	9	0	0	1	5	0	1	1	0	0	9.1	0.2	3.04	11	1.1	16.6
1425	1	1	31	0	1	14000	1	1	4	1	0	2	0	1	0	5	0	1	0	0	0	36	0.63	12.02	38.4	3.57	29.9
1431	2	1	19	0	0	5000	0	1	1	0	0	6	0	1	1	3	0	0	0	0	0	9.1	0.2	3.04	11	1.1	16.6
1434	2	1	21	0	0	20000	1	1	2	1	0	2	0	1	0.1	5	0	1	0	0	0	27.4	0.45	9.15	27.17	2.25	12.1
1435	1	1	22	0	1	3000	0	1	2	1	0	8	1	0	0.99	5	0	1	0	0	0	5.8	0.12	1.94	7.7	0.8	3.8
1443	1	1	21	0	1	35000	1	1	2	1	0	8	1	0	0.73	5	0	1	0	0	0	16.2	0.38	5.41	17.3	1.45	3.8
1451	2	1	24	0	0	18000	1	1	1	0	0	9	0	0	0.73	5	0	1	0	0	0	16.2	0.38	5.41	17.3	1.45	3.8
1454	1	1	27	0	1	8000	1	1	2	1	0	2	0	1	0.16	2	1	0	0	0	0	11.8	0.33	3.94	15.7	1.57	9.3
1462	1	1	23	0	1	12000	1	1	1	0	0	8	1	0	0.73	2	1	0	0	0	0	16.2	0.38	5.41	17.3	1.45	3.8
1464	1	1	27	0	1	35000	1	1	4	1	1	8	1	0	0	4	0	1	0	0	0	17.9	0.42	5.98	22.34	1.9	3.8
1467	1	1	23	0	1	20000	1	1	2	1	1	8	1	0	0	2	1	0	0	0	0	13.5	0.4	4.51	16.4	1.63	3.8
1473	1	1	22	0	1	18000	1	1	3	1	0	8	1	0	1	5	0	1	0	0	0	13.1	0.38	4.38	14.7	1.33	3.8
1474	2	1	22	0	0	4000	0	1	1	0	0	9	0	0	0	5	0	1	0	0	0	52.1	0.93	17.4	46.5	2.08	7
1479	2	1	21	0	1	9000	1	1	3	1	0	1	0	1	0.84	5	0	1	0	0	0	13.3	0.4	4.44	13.6	1.2	7.5
1484	2	1	19	0	0	5000	0	1	2	1	0	11	0	0	0.14	5	0	1	0	0	0	13.3	0.37	4.44	17	1.65	9.3
1488	2	1	25	0	0	10000	1	1	1	0	0	6	0	1	1	5	0	1	0	0	0	9.4	0.28	3.14	10.8	1	3.8
1489	2	1	23	0	1	5000	0	1	2	1	1	8	1	0	0	5	0	1	0	0	0	26.2	0.52	8.75	31.4	1.42	7
1493	2	1	24	0	0	6000	0	1	2	1	1	6	0	1	0.16	5	0	1	0	0	0	11.8	0.33	3.94	15.7	1.57	9.3
1499	1	1	22	0	0	7000	0	1	3	1	0	7	0	0	0.53	3	0	0	0	0	0	8.2	0.2	2.74	10.13	1.1	3.8
1501	2	1	22	0	1	7000	0	1	1	0	0	8	1	0	1	5	0	1	0	0	0	13.1	0.38	4.38	14.7	1.33	3.8
1512	2	1	26	0	0	3000	0	1	1	0	0	2	0	1	0.43	5	0	1	0	0	0	20.4	0.45	6.81	22.2	1.9	3.8
1516	1	1	20	0	1	5000	0	1	3	1	0	8	1	0	1	5	0	1	0	0	0	13.1	0.38	4.38	14.7	1.33	3.8
1520	2	1	20	0	0	4000	0	1	1	0	1	6	0	1	1	1	1	0	0	0	0	13.1	0.38	4.38	14.7	1.33	3.8
1533	1	1	27	0	1	7000	0	1	1	0	1	8	1	0	0.99	5	0	1	0	0	0	5.8	0.12	1.94	7.7	0.8	3.8
1534	1	1	24	0	1	7000	0	1	2	1	0	8	1	0	0.89	5	0	1	1	0	0	10.6	0.3	3.54	12.1	1.18	3.8
1536	2	1	19	0	1	20000	1	1	3	1	0	8	1	0	0.24	4	0	1	0	0	0	27	0.48	9.02	27.5	2.35	3.8
1538	2	1	20	0	0	35000	1	1	3	1	0	8	1	0	0	4	0	1	0	0	0	17.6	0.4	5.88	23.71	2.02	3.8
1545	2	1	23	0	1	7000	0	1	1	0	0	8	1	0	0.99	4	0	1	0	0	0	16.1	0.37	5.38	16	1.23	7.5
1547	2	1	20	0	1	18000	1	1	2	1	0	8	1	0	0.43	5	0	1	0	0	0	20.4	0.45	6.81	22.2	1.9	3.8
1564	1	1	21	0	1	4000	0	1	2	1	0	8	1	0	0	5	0	1	0	0	0	14.9	0.33	4.98	18.9	1.32	12.4
1567	1	1	20	0	1	24000	1	1	3	1	0	8	1	0	1	5	0	1	0	0	0	13.1	0.38	4.38	14.7	1.33	3.8
1570	2	1	23	0	1	5000	0	1	1	0	1	1	0	1	0.37	3	0	0	0	0	0	14.2	0.33	4.74	15.9	1.38	3.8
1573	1	1	52	1	1	1000	0	1	1	0	1	11	0	0	0	0	1	0	0	0	1	27	0.52	9.02	31.5	2.7	14.2
1580	2	1	45	0	0	6000	0	1	1	0	0	2	0	1	0.14	3	0	0	0	0	0	13.3	0.37	4.44	17	1.65	9.3
1581	2	1	24	0	0	5000	0	1	2	1	0	2	0	1	0.27	5	0	1	0	0	0	27.5	0.53	9.19	37.1	1.7	10.7
1584	2	1	19	0	0	2000	0	1	1	0	0	2	0	1	0	5	0	1	0	0	0	14.9	0.33	4.98	18.9	1.32	12.4
1585	2	1	19	0	0	20000	1	1	2	1	0	6	0	1	0.1	5	0	1	0	0	0	27.4	0.45	9.15	27.17	2.25	12.1
1586	2	1	18	0	1	5000	0	1	1	0	0	8	1	0	0.94	5	0	1	0	0	0	18.2	0.45	6.08	20.1	1.72	3.8
1587	2	1	19	0	0	7000	0	1	1	0	0	8	1	0	0.1	5	0	1	1	0	0	27.4	0.45	9.15	27.17	2.25	12.1
1588	2	1	23	0	0	7000	0	1	1	0	0	2	0	1	0	5	0	1	0	0	0	19.7	0.5	6.58	21.79	2.1	17.8
1600	2	1	30	0	0	6000	0	1	1	0	0	2	0	1	0.77	3	0	0	0	0	0	14.2	0.3	4.74	15.8	1.37	3.8
1601	2	1	24	0	1	3000	0	1	1	0	1	6	0	1	0.99	1	1	0	0	0	0	16.1	0.37	5.38	16	1.23	7.5
1605	1	1	27	0	1	6000	0	1	1	0	1	8	1	0	0.59	4	0	1	0	0	0	14.7	0.33	4.91	12.3	1.25	3.8
1612	2	1	23	0	1	2000	0	1	1	0	0	1	0	1	0	5	0	1	0	0	0	50.4	0.75	16.83	65	6.32	28.45
1619	2	1	22	0	0	3000	0	1	1	0	1	6	0	1	0.68	5	0	1	1	0	0	17.9	0.4	5.98	28.1	1.78	3.8
1623	2	1	20	0	0	3000	0	1	1	0	0	6	0	1	1	5	0	1	0	0	0	13.1	0.38	4.38	14.7	1.33	3.8
1625	2	1	21	0	0	2000	0	1	1	0	1	2	0	1	0	5	0	1	0	0	0	27	0.52	9.02	31.5	2.7	14.2
1626	2	1	21	0	1	7000	0	1	1	0	1	8	1	0	0.34	4	0	1	0	0	0	12.6	0.27	4.21	12.5	1.17	3.8
1641	1	1	22	0	1	8000	1	1	2	1	1	6	0	1	1	5	0	1	0	0	0	8.4	0.25	2.81	9.7	1.02	3.8
1642	2	1	59	1	0	1000	0	1	1	0	0	6	0	1	0.99	4	0	1	0	0	0	7.1	0.17	2.37	10.9	0.93	3.8
1646	2	1	19	0	0	14000	1	1	3	1	0	1	0	1	1	5	0	1	0	0	0	13.1	0.38	4.38	14.7	1.33	3.8
1647	2	1	20	0	1	6000	0	1	2	1	0	2	0	1	0	5	0	1	0	0	0	31.7	0.57	10.59	46.2	2.23	10.7
1649	2	1	21	0	1	10000	1	1	1	0	1	8	1	0	1	5	0	1	0	0	0	12.4	0.4	4.14	14.82	1.58	3.8
1653	1	1	21	0	1	14000	1	1	1	0	0	8	1	0	0.68	5	0	1	0	0	0	17.9	0.4	5.98	28.1	1.78	3.8
1654	1	1	24	0	1	20000	1	1	3	1	0	8	1	0	0	5	0	1	0	0	0	13.5	0.4	4.51	16.4	1.63	3.8
1657	1	2	35	0	1	10000	1	1	1	0	0	6	0	1	0	0	1	0	0	0	1	18.5	0.32	6.18	21.1	1.7	6.7
1658	2	1	20	0	0	5000	0	1	1	0	1	2	0	1	0	2	1	0	0	0	0	36.7	0.7	12.26	55.8	5	29.8
1661	2	1	28	0	1	4000	0	1	1	0	0	8	1	0	0.99	5	0	1	0	0	0	5.8	0.12	1.94	7.7	0.8	3.8
1663	2	1	18	0	0	7000	0	1	2	1	0	2	0	1	0	4	0	1	0	0	0	12.3	0.33	4.11	20.7	1.38	7.5
1664	2	1	26	0	1	3000	0	1	1	0	1	8	1	0	0.96	4	0	1	0	0	0	23.5	0.5	7.85	36.5	1.83	10.7
1665	2	2	24	0	1	7000	0	1	4	1	1	1	0	1	1	5	0	1	0	0	0	15.3	0.35	5.11	17	1.58	3.8
1667	2	2	34	0	1	3000	0	1	1	0	0	8	1	0	0.43	5	0	1	0	0	0	20.4	0.45	6.81	22.2	1.9	3.8
1670	1	2	36	0	0	12000	1	1	1	0	1	8	1	0	0.68	2	1	0	0	0	0	17.9	0.4	5.98	28.1	1.78	3.8
1673	2	2	33	0	1	12000	1	1	1	0	0	8	1	0	0.18	5	0	1	0	0	0	43.6	0.78	14.56	42.7	2	7
1675	1	2	27	0	0	16000	1	1	1	0	0	2	0	1	1	4	0	1	0	0	0	13.1	0.38	4.38	14.7	1.33	3.8
1677	2	1	23	0	1	4000	0	1	1	0	0	8	1	0	1	5	0	1	0	0	0	12.4	0.4	4.14	14.82	1.58	3.8
1686	1	2	29	0	1	10000	1	1	3	1	0	7	0	0	0	5	0	1	0	0	0	17.6	0.4	5.88	23.71	2.02	3.8
1689	1	2	36	0	0	4000	0	1	1	0	0	8	1	0	0.94	0	1	0	0	1	0	18.2	0.45	6.08	20.1	1.72	3.8
1691	1	1	22	0	0	2000	0	1	1	0	0	2	0	1	0.1	5	0	1	0	0	0	27.4	0.45	9.15	27.17	2.25	12.1
1692	1	2	41	0	0	6000	0	1	1	0	0	8	1	0	1	5	0	1	1	0	0	9.1	0.2	3.04	11	1.1	16.6
1693	1	1	19	0	0	8000	1	1	2	1	0	8	1	0	0.1	5	0	1	0	0	0	27.4	0.45	9.15	27.17	2.25	12.1
1700	1	2	25	0	0	2000	0	1	1	0	0	8	1	0	0.14	5	0	1	0	0	0	13.3	0.37	4.44	17	1.65	9.3
1704	1	1	22	0	1	10000	1	1	1	0	0	2	0	1	1	3	0	0	0	0	0	13.1	0.38	4.38	14.7	1.33	3.8
1709	2	2	24	0	0	7000	0	1	1	0	0	2	0	1	1	5	0	1	0	0	0	9.1	0.2	3.04	11	1.1	16.6
1711	1	1	18	0	0	35000	1	1	3	1	0	8	1	0	0.24	5	0	1	0	0	0	27	0.48	9.02	27.5	2.35	3.8
1718	1	2	34	0	1	8000	1	1	1	0	1	8	1	0	1	3	0	0	0	0	0	13.1	0.38	4.38	14.7	1.33	3.8
1723	2	2	44	0	0	12000	1	1	1	0	0	8	1	0	0.94	3	0	0	0	0	0	18.2	0.45	6.08	20.1	1.72	3.8
1725	2	1	24	0	0	10000	1	1	2	1	1	6	0	1	1	5	0	1	0	0	0	13.1	0.38	4.38	14.7	1.33	3.8
1730	2	1	21	0	0	3000	0	1	2	1	1	9	0	0	0.24	5	0	1	0	0	0	27	0.48	9.02	27.5	2.35	3.8
1734	1	2	29	0	1	35000	1	1	3	1	0	8	1	0	0.1	2	1	0	0	0	0	27.4	0.45	9.15	27.17	2.25	12.1
1736	1	1	34	0	0	4000	0	1	3	1	0	6	0	1	0.37	4	0	1	0	0	0	18	0.32	6.01	19.9	1.68	3.8
1751	2	2	27	0	1	7000	0	1	2	1	0	2	0	1	0	0	1	0	0	1	0	18.5	0.32	6.18	21.1	1.7	6.7
1752	1	1	54	1	1	4000	0	1	2	1	1	11	0	0	1	0	1	0	0	1	0	8.4	0.25	2.81	9.7	1.02	3.8
1756	1	2	48	1	1	10000	1	1	2	1	0	8	1	0	0	2	1	0	0	0	0	18.5	0.32	6.18	21.1	1.7	6.7
1759	2	1	19	0	0	10000	1	1	2	1	0	8	1	0	0	5	0	1	0	0	0	22.6	0.57	7.55	24.6	1.98	14.6
1760	1	2	28	0	0	14000	1	1	2	1	0	8	1	0	0.73	2	1	0	1	0	0	16.2	0.38	5.41	17.3	1.45	3.8
1765	2	1	23	0	0	7000	0	1	4	1	0	6	0	1	0.43	5	0	1	0	0	0	20.4	0.45	6.81	22.2	1.9	3.8
1774	1	1	23	0	0	7000	0	1	2	1	1	8	1	0	0.37	5	0	1	1	0	0	14.2	0.33	4.74	15.9	1.38	3.8
1780	1	2	29	0	0	12000	1	1	1	0	0	8	1	0	0.68	5	0	1	0	0	0	17.9	0.4	5.98	28.1	1.78	3.8
1781	2	2	33	0	0	4000	0	1	1	0	1	8	1	0	0	0	1	0	0	1	0	14.9	0.33	4.98	18.9	1.32	12.4
1782	2	1	31	0	0	2000	0	1	1	0	0	1	0	1	0.24	5	0	1	0	0	0	27	0.48	9.02	27.5	2.35	3.8
1783	1	2	34	0	0	10000	1	1	2	1	0	8	1	0	1	5	0	1	0	0	0	9.1	0.2	3.04	11	1.1	16.6
1785	2	1	21	0	1	14000	1	1	2	1	0	8	1	0	0.75	5	0	1	0	0	0	9.9	0.23	3.31	11.96	1.1	3.8
1789	1	1	19	0	1	16000	1	1	3	1	0	8	1	0	0.59	5	0	1	0	0	0	14.7	0.33	4.91	12.3	1.25	3.8
1792	2	1	21	0	1	1000	0	1	1	0	0	2	0	1	1	5	0	1	0	0	0	10.2	0.3	3.41	12.8	1.33	3.8
1794	1	1	21	0	0	12000	1	1	2	1	1	11	0	0	0.28	0	1	0	1	0	0	16.5	0.37	5.51	18.9	1.62	3.8
1804	1	2	29	0	1	35000	1	1	3	1	1	8	1	0	0	5	0	1	0	0	0	18.5	0.32	6.18	21.1	1.7	6.7
1806	1	1	26	0	1	10000	1	1	1	0	0	2	0	1	1	3	0	0	0	0	0	13.1	0.38	4.38	14.7	1.33	3.8
1815	1	2	48	1	1	10000	1	1	2	1	0	8	1	0	0	2	1	0	0	0	0	18.5	0.32	6.18	21.1	1.7	6.7
1818	1	2	35	0	0	4000	0	1	1	0	1	11	0	0	0.73	1	1	0	0	0	0	16.2	0.38	5.41	17.3	1.45	3.8
1822	2	2	26	0	0	7000	0	1	1	0	0	6	0	1	0.1	4	0	1	0	0	0	27.4	0.45	9.15	27.17	2.25	12.1
1835	2	2	25	0	1	14000	1	1	1	0	1	8	1	0	1	2	1	0	0	0	0	12.4	0.4	4.14	14.82	1.58	3.8
1837	1	2	33	0	1	14000	1	1	1	0	0	1	0	1	0.75	1	1	0	0	0	0	9.9	0.23	3.31	11.96	1.1	3.8
1840	1	1	22	0	0	20000	1	1	2	1	0	6	0	1	0	5	0	1	0	0	0	36	0.63	12.02	38.4	3.57	29.9
1843	1	2	24	0	1	35000	1	1	3	1	0	9	0	0	0	5	0	1	1	0	0	14.9	0.32	4.98	17.6	1.72	3.8
1847	2	1	21	0	0	35000	1	1	4	1	0	1	0	1	0.99	4	0	1	0	0	0	13.8	0.4	4.61	17.5	1.83	16.59
1848	2	1	23	0	0	5000	0	1	1	0	0	6	0	1	0	5	0	1	0	0	0	14.9	0.33	4.98	18.9	1.32	12.4
1859	1	2	33	0	0	8000	1	1	1	0	1	9	0	0	0	2	1	0	0	0	0	17.6	0.4	5.88	23.71	2.02	3.8
1868	1	2	26	0	1	3000	0	1	1	0	0	8	1	0	0	0	1	0	0	1	0	31.7	0.57	10.59	46.2	2.23	10.7
1875	2	2	36	0	0	5000	0	1	1	0	0	8	1	0	1	3	0	0	0	0	0	10.2	0.3	3.41	12.8	1.33	3.8
1878	1	2	25	0	1	10000	1	1	2	1	1	8	1	0	1	5	0	1	0	0	0	15.3	0.35	5.11	17	1.58	3.8
1881	1	1	23	0	1	16000	1	1	3	1	0	8	1	0	0	5	0	1	0	0	0	27	0.52	9.02	31.5	2.7	14.2
1902	1	1	25	0	0	8000	1	1	1	0	0	8	1	0	1	5	0	1	0	0	0	13.1	0.38	4.38	14.7	1.33	3.8
1912	1	2	33	0	0	16000	1	1	1	0	0	6	0	1	0	3	0	0	0	0	0	18.5	0.32	6.18	21.1	1.7	6.7
1913	1	2	24	0	1	6000	0	1	1	0	1	8	1	0	0	5	0	1	0	0	0	17.9	0.42	5.98	22.34	1.9	3.8
1918	1	1	21	0	1	10000	1	1	2	1	1	1	0	1	1	3	0	0	0	0	0	15.3	0.35	5.11	17	1.58	3.8
1919	2	2	26	0	0	24000	1	1	1	0	0	2	0	1	0.73	1	1	0	0	0	0	16.2	0.38	5.41	17.3	1.45	3.8
1921	1	2	26	0	0	18000	1	1	2	1	1	8	1	0	0.1	0	1	0	0	1	0	22.8	0.45	7.62	22.7	2.08	10.5
1928	1	2	29	0	1	10000	1	1	2	1	0	8	1	0	0	5	0	1	0	0	0	18.5	0.32	6.18	21.1	1.7	6.7
1929	1	2	42	0	1	14000	1	1	1	0	1	8	1	0	0.99	2	1	0	0	0	0	16.1	0.37	5.38	16	1.23	7.5
1930	2	1	19	0	0	5000	0	1	2	1	0	11	0	0	1	5	0	1	0	0	0	10.7	0.23	3.57	12.9	1.28	16.59
1933	1	2	43	0	1	12000	1	1	1	0	0	8	1	0	0.1	0	1	0	0	1	0	27.4	0.45	9.15	27.17	2.25	12.1
1935	2	2	24	0	0	2000	0	1	1	0	0	6	0	1	1	2	1	0	0	0	0	11	0.27	3.67	12.9	1.33	16.59
1947	2	1	21	0	1	12000	1	1	1	0	0	8	1	0	0.68	5	0	1	0	0	0	17.9	0.4	5.98	28.1	1.78	3.8
1949	2	2	31	0	0	20000	1	1	1	0	1	8	1	0	0	5	0	1	0	0	0	27	0.52	9.02	31.5	2.7	14.2
1955	2	2	28	0	0	6000	0	1	2	1	0	6	0	1	0.74	5	0	1	0	0	0	37.8	0.63	12.63	38.3	2.13	7
1961	2	1	19	0	0	4000	0	1	2	1	1	6	0	1	0	2	1	0	1	0	0	45.8	0.78	15.3	48.6	2.12	7
1971	2	2	26	0	0	10000	1	1	2	1	0	2	0	1	0.16	0	1	0	0	1	0	11.8	0.33	3.94	15.7	1.57	9.3
1972	1	2	31	0	1	3000	0	1	1	0	0	8	1	0	0	5	0	1	0	0	0	12.3	0.33	4.11	16.74	1.5	3.8
1973	1	1	24	0	1	16000	1	1	4	1	0	9	0	0	0.1	5	0	1	0	0	0	27.4	0.45	9.15	27.17	2.25	12.1
1974	1	1	19	0	0	4000	0	1	2	1	0	2	0	1	0.73	5	0	1	0	0	0	16.2	0.38	5.41	17.3	1.45	3.8
1984	1	2	34	0	1	10000	1	1	1	0	0	8	1	0	0.72	1	1	0	0	0	0	12.4	0.25	4.14	21.1	1.37	10.7
1985	2	2	27	0	0	6000	0	1	1	0	0	8	1	0	1	5	0	1	0	0	0	8.4	0.25	2.81	9.7	1.02	3.8
1990	1	1	62	1	0	9000	1	1	1	0	0	2	0	1	0.85	4	0	1	0	0	0	7.4	0.17	2.47	9.2	0.97	12.8
1994	2	1	20	0	1	4000	0	1	1	0	0	8	1	0	0.18	5	0	1	0	0	0	43.6	0.78	14.56	42.7	2	7
1996	1	1	21	0	1	20000	1	1	2	1	0	2	0	1	0.14	5	0	1	1	0	0	13.3	0.37	4.44	17	1.65	9.3
1997	1	1	23	0	1	10000	1	1	3	1	1	9	0	0	0.77	4	0	1	0	0	0	14.2	0.3	4.74	15.8	1.37	3.8
2000	2	1	21	0	1	6000	0	1	1	0	0	6	0	1	0	5	0	1	0	0	0	19.8	0.52	6.61	20.4	1.38	7
2001	2	1	20	0	0	3000	0	1	1	0	1	11	0	0	0.99	5	0	1	0	0	0	13.8	0.4	4.61	17.5	1.83	16.59
2004	2	1	22	0	0	3000	0	1	1	0	0	6	0	1	0.1	2	1	0	0	0	0	27.4	0.45	9.15	27.17	2.25	12.1
2009	2	1	25	0	0	5000	0	1	1	0	1	8	1	0	0.1	2	1	0	0	0	0	27.4	0.45	9.15	27.17	2.25	12.1
2011	1	2	32	0	0	5000	0	1	1	0	0	7	0	0	0.37	0	1	0	0	1	0	14.2	0.33	4.74	15.9	1.38	3.8
2014	1	2	29	0	0	4000	0	1	1	0	0	8	1	0	1	5	0	1	0	0	0	13.1	0.38	4.38	14.7	1.33	3.8
2015	1	2	29	0	1	10000	1	1	1	0	0	8	1	0	1	5	0	1	0	0	0	11	0.27	3.67	12.9	1.33	16.59
2022	1	2	27	0	0	6000	0	1	1	0	0	2	0	1	1	5	0	1	0	0	0	12.3	0.33	4.11	16.74	1.5	3.8
2025	2	1	54	1	0	2000	0	1	1	0	1	11	0	0	0.01	0	1	0	0	1	0	36	0.8	12.02	45.3	2.53	24.1
2026	1	1	21	0	1	4000	0	1	2	1	0	8	1	0	0.6	5	0	1	0	0	0	12.2	0.25	4.07	11.3	1.08	3.8
2030	2	2	57	1	0	14000	1	1	1	0	0	6	0	1	0.48	1	1	0	0	0	0	14.2	0.33	4.74	16.26	1.45	3.8
2031	1	1	21	0	1	20000	1	1	2	1	0	8	1	0	0	5	0	1	0	0	0	18.5	0.32	6.18	21.1	1.7	6.7
2039	1	1	23	0	0	10000	1	1	4	1	1	6	0	1	0	5	0	1	0	0	0	31.7	0.57	10.59	46.2	2.23	10.7
2044	2	2	28	0	1	10000	1	1	2	1	0	8	1	0	0.68	5	0	1	0	0	0	17.9	0.4	5.98	28.1	1.78	3.8
2048	1	2	31	0	0	12000	1	1	2	1	1	9	0	0	0	2	1	0	0	0	0	18.5	0.32	6.18	21.1	1.7	6.7
2050	2	1	20	0	1	2000	0	1	2	1	0	8	1	0	0.98	5	0	1	0	0	0	22.3	0.43	7.45	23.7	1.48	7
2051	1	1	24	0	1	14000	1	1	2	1	1	8	1	0	0	4	0	1	0	0	0	17.6	0.4	5.88	23.71	2.02	3.8
2055	1	1	25	0	0	8000	1	1	2	1	0	2	0	1	0.59	5	0	1	0	0	0	14.7	0.33	4.91	12.3	1.25	3.8
2058	1	2	26	0	1	14000	1	1	2	1	0	7	0	0	0.09	5	0	1	0	0	0	18.5	0.45	6.18	19.2	1.38	7
2063	1	1	22	0	1	16000	1	1	2	1	0	8	1	0	0.73	5	0	1	0	0	0	11.8	0.25	3.94	12.1	1.12	7
2065	2	2	37	0	0	3000	0	1	1	0	0	2	0	1	0.75	5	0	1	0	0	0	9.9	0.23	3.31	11.96	1.1	3.8
2068	1	2	26	0	0	10000	1	1	1	0	0	9	0	0	0.1	5	0	1	0	0	0	27.4	0.45	9.15	27.17	2.25	12.1
2071	2	1	29	0	1	2000	0	1	1	0	0	8	1	0	1	5	0	1	0	0	0	8.4	0.25	2.81	9.7	1.02	3.8
2077	1	1	58	1	0	6000	0	1	1	0	0	6	0	1	0	3	0	0	0	0	0	28.1	0.6	9.39	38.7	1.87	10.7
2079	1	2	33	0	1	14000	1	1	1	0	0	8	1	0	0.37	5	0	1	0	0	0	14.2	0.33	4.74	15.9	1.38	3.8
2085	2	1	19	0	1	8000	1	1	2	1	0	1	0	1	1	4	0	1	0	0	0	9.1	0.2	3.04	11	1.1	16.6
2092	2	2	30	0	1	4000	0	1	1	0	1	6	0	1	0.37	3	0	0	0	0	0	18	0.32	6.01	19.9	1.68	3.8
2097	2	2	41	0	0	10000	1	1	1	0	0	6	0	1	0.99	0	1	0	0	1	0	16.1	0.37	5.38	16	1.23	7.5
2101	2	1	18	0	1	5000	0	1	2	1	0	2	0	1	0.78	5	0	1	0	0	0	20.4	0.4	6.81	20	1.77	9.3
2102	2	1	18	0	1	8000	1	1	1	0	0	8	1	0	0	0	1	0	0	1	0	14.9	0.33	4.98	18.9	1.32	12.4
2107	1	2	28	0	0	5000	0	1	1	0	0	2	0	1	0.59	5	0	1	0	0	0	14.7	0.33	4.91	12.3	1.25	3.8
2108	2	2	27	0	0	9000	1	1	1	0	0	8	1	0	0	5	0	1	0	0	0	31.7	0.57	10.59	46.2	2.23	10.7
2109	2	1	22	0	0	10000	1	1	2	1	1	6	0	1	0	5	0	1	0	0	0	17.9	0.42	5.98	22.34	1.9	3.8
2127	2	2	29	0	0	2000	0	1	1	0	0	6	0	1	1	0	1	0	0	0	1	12.3	0.33	4.11	16.74	1.5	3.8
2128	2	1	28	0	1	10000	1	1	2	1	1	6	0	1	0	1	1	0	0	0	0	18.5	0.32	6.18	21.1	1.7	6.7
2132	2	1	19	0	0	9000	1	1	1	0	0	2	0	1	0	5	0	1	0	0	0	19.7	0.5	6.58	21.79	2.1	17.8
2135	2	1	24	0	1	9000	1	1	2	1	0	1	0	1	0.24	5	0	1	0	0	0	27	0.48	9.02	27.5	2.35	3.8
2136	2	2	25	0	1	2000	0	1	1	0	0	8	1	0	0	1	1	0	0	0	0	62.1	0.9	20.74	99.9	5.08	14.05
2141	1	2	57	1	0	16000	1	1	2	1	0	8	1	0	0.37	5	0	1	0	0	0	14.2	0.33	4.74	15.9	1.38	3.8
2142	1	2	29	0	0	3000	0	1	2	1	0	8	1	0	0.68	5	0	1	0	0	0	17.9	0.4	5.98	28.1	1.78	3.8
2145	1	2	43	0	0	8000	1	1	1	0	1	2	0	1	0.68	2	1	0	1	0	0	17.9	0.4	5.98	28.1	1.78	3.8
2146	2	1	25	0	1	10000	1	1	2	1	1	8	1	0	1	5	0	1	0	0	0	13.1	0.38	4.38	14.7	1.33	3.8
2147	2	2	29	0	1	4000	0	1	1	0	0	2	0	1	0	5	0	1	0	0	0	62.1	0.9	20.74	99.9	5.08	14.05
2150	1	2	34	0	1	3000	0	1	1	0	1	8	1	0	1	2	1	0	0	0	0	13.1	0.38	4.38	14.7	1.33	3.8
2151	2	1	24	0	0	5000	0	1	1	0	0	2	0	1	0.34	5	0	1	0	0	0	23.2	0.5	7.75	26.9	1.82	10.8
2163	1	1	20	0	0	5000	0	1	2	1	1	8	1	0	1	5	0	1	0	0	0	12.3	0.25	4.11	14.88	1.4	3.8
2164	2	2	28	0	0	16000	1	1	2	1	0	6	0	1	0	1	1	0	0	0	0	18.5	0.32	6.18	21.1	1.7	6.7
2171	2	1	20	0	0	3000	0	1	2	1	1	6	0	1	0	5	0	1	0	0	0	31.7	0.57	10.59	46.2	2.23	10.7
2172	1	1	21	0	0	10000	1	1	4	1	0	8	1	0	0.1	5	0	1	0	0	0	27.4	0.45	9.15	27.17	2.25	12.1
2181	1	2	31	0	0	10000	1	1	2	1	0	11	0	0	0	1	1	0	0	0	0	18.5	0.32	6.18	21.1	1.7	6.7
2182	1	2	40	0	0	12000	1	1	1	0	1	2	0	1	0.27	2	1	0	0	0	0	14.7	0.38	4.91	14.9	1.65	11.4
2185	2	1	20	0	0	3000	0	1	1	0	0	8	1	0	0	5	0	1	0	0	0	14.9	0.33	4.98	18.9	1.32	12.4
2186	2	2	44	0	1	12000	1	1	1	0	0	1	0	1	1	2	1	0	0	0	0	11	0.27	3.67	12.9	1.33	16.59
2188	1	1	19	0	0	5000	0	1	1	0	0	2	0	1	1	5	0	1	0	0	0	14.1	0.4	4.71	17.6	1.73	16.59
2198	2	2	23	0	1	5000	0	1	2	1	1	8	1	0	0.99	3	0	0	0	0	0	13	0.28	4.34	14.1	1.08	7.5
2200	2	1	24	0	1	1000	0	1	1	0	1	8	1	0	0.75	5	0	1	0	0	0	9.9	0.23	3.31	11.96	1.1	3.8
2204	1	1	23	0	1	8000	1	1	1	0	1	8	1	0	0.73	5	0	1	0	0	0	16.2	0.38	5.41	17.3	1.45	3.8
2209	2	2	30	0	0	2000	0	1	1	0	0	8	1	0	1	5	0	1	0	0	0	9.1	0.2	3.04	11	1.1	16.6
2211	1	1	22	0	1	3000	0	1	1	0	0	9	0	0	1	5	0	1	1	0	0	13	0.35	4.34	16.5	1.63	16.59
2214	2	1	19	0	1	2000	0	1	1	0	0	1	0	1	0	5	0	1	0	0	0	14.9	0.33	4.98	18.9	1.32	12.4
2218	2	1	22	0	0	5000	0	1	1	0	0	8	1	0	0.77	5	0	1	0	0	0	14.2	0.3	4.74	15.8	1.37	3.8
2237	2	1	25	0	0	4000	0	1	1	0	0	6	0	1	0.18	1	1	0	0	0	0	43.6	0.78	14.56	42.7	2	7
2240	2	2	26	0	0	4000	0	1	1	0	0	8	1	0	1	5	0	1	0	0	0	13.1	0.38	4.38	14.7	1.33	3.8
2242	2	1	28	0	1	1000	0	1	3	1	0	8	1	0	0	3	0	0	0	0	0	26.2	0.52	8.75	31.4	1.42	7
2245	2	1	27	0	0	7000	0	1	1	0	0	6	0	1	0.37	5	0	1	0	0	0	18	0.32	6.01	19.9	1.68	3.8
2249	1	2	25	0	1	8000	1	1	2	1	0	9	0	0	0	5	0	1	1	0	0	14.9	0.32	4.98	17.6	1.72	3.8
2252	2	1	30	0	1	3000	0	1	1	0	0	8	1	0	0.67	3	0	0	0	0	0	21.1	0.4	7.05	21	1.38	7.5
2256	1	2	34	0	0	5000	0	1	2	1	0	8	1	0	0.16	5	0	1	0	0	0	11.8	0.33	3.94	15.7	1.57	9.3
2261	1	2	37	0	0	7000	0	1	2	1	0	9	0	0	0	2	1	0	0	0	0	17.6	0.4	5.88	23.71	2.02	3.8
2266	2	2	28	0	1	3000	0	1	1	0	0	1	0	1	0.78	5	0	1	0	0	0	20.4	0.4	6.81	20	1.77	9.3
2283	2	1	33	0	0	5000	0	1	1	0	0	6	0	1	0	3	0	0	0	0	0	19.7	0.5	6.58	21.79	2.1	17.8
2294	1	2	27	0	0	3000	0	1	1	0	0	2	0	1	1	0	1	0	0	0	1	8.1	0.23	2.71	9.6	0.85	3.8
2296	2	2	25	0	0	4000	0	1	1	0	0	8	1	0	1	5	0	1	0	0	0	10.1	0.28	3.37	12.1	1.28	11.85
2297	2	1	21	0	1	8000	1	1	3	1	0	8	1	0	0	5	0	1	0	0	0	54.8	1.03	18.3	77	3.82	26.7
2304	2	1	22	0	1	5000	0	1	1	0	0	8	1	0	0	5	0	1	0	0	0	27	0.52	9.02	31.5	2.7	14.2
2308	2	1	20	0	1	18000	1	1	1	0	0	8	1	0	0.77	5	0	1	0	0	0	14.2	0.3	4.74	15.8	1.37	3.8
2325	2	1	21	0	0	1000	0	1	1	0	1	6	0	1	1	5	0	1	0	0	0	10.1	0.28	3.37	12.1	1.28	11.85
2339	1	2	27	0	0	3000	0	1	2	1	0	2	0	1	0.75	5	0	1	0	0	0	9.9	0.23	3.31	11.96	1.1	3.8
2343	2	1	21	0	1	30000	1	1	1	0	0	8	1	0	0.24	5	0	1	0	0	0	27	0.48	9.02	27.5	2.35	3.8
2345	1	2	41	0	1	35000	1	1	2	1	0	3	0	0	1	5	0	1	0	0	0	13.1	0.38	4.38	14.7	1.33	3.8
2348	2	2	30	0	0	7000	0	1	2	1	0	8	1	0	0.86	3	0	0	0	0	0	21.6	0.42	7.21	31.8	1.55	10.7
2354	1	2	31	0	1	14000	1	1	1	0	0	4	0	0	1	1	1	0	0	0	0	12.4	0.4	4.14	14.82	1.58	3.8
2361	2	1	22	0	0	4000	0	1	1	0	0	2	0	1	0.37	2	1	0	0	0	0	18	0.32	6.01	19.9	1.68	3.8
2367	1	2	31	0	0	3000	0	1	1	0	0	2	0	1	0	5	0	1	1	0	0	9.9	0.25	3.31	11.8	1.02	7.5
2370	2	1	48	1	0	5000	0	1	2	1	1	2	0	1	0.77	5	0	1	1	0	0	14.2	0.3	4.74	15.8	1.37	3.8
2377	2	1	25	0	1	1000	0	1	1	0	1	2	0	1	1	3	0	0	0	0	0	13.1	0.38	4.38	14.7	1.33	3.8
2388	2	1	20	0	0	2000	0	1	1	0	0	6	0	1	0	5	0	1	0	0	0	28.1	0.6	9.39	38.7	1.87	10.7
2395	1	2	32	0	1	2000	0	1	2	1	0	8	1	0	0.73	5	0	1	0	0	0	16.2	0.38	5.41	17.3	1.45	3.8
2399	1	1	21	0	1	22000	1	1	2	1	0	8	1	0	0.1	4	0	1	0	0	0	27.4	0.45	9.15	27.17	2.25	12.1
2400	2	1	21	0	1	2000	0	1	1	0	1	8	1	0	0	4	0	1	0	0	0	28.1	0.6	9.39	38.7	1.87	10.7
2405	1	1	22	0	1	7000	0	1	2	1	0	8	1	0	0.18	4	0	1	0	0	0	43.6	0.78	14.56	42.7	2	7
2406	1	2	44	0	0	5000	0	1	1	0	0	6	0	1	1	4	0	1	0	0	0	23.55	0.5	7.86	33.31	1.98	10.7
2409	2	1	27	0	0	10000	1	1	2	1	0	2	0	1	0	5	0	1	0	0	0	36	0.63	12.02	38.4	3.57	29.9
2412	1	1	22	0	1	12000	1	1	2	1	1	8	1	0	0.73	5	0	1	0	0	0	16.2	0.38	5.41	17.3	1.45	3.8
2414	2	1	21	0	1	6000	0	1	1	0	1	8	1	0	0.16	5	0	1	0	0	0	11.8	0.33	3.94	15.7	1.57	9.3
2416	1	2	31	0	0	20000	1	1	1	0	1	8	1	0	1	0	1	0	0	0	1	13.1	0.38	4.38	14.7	1.33	3.8
2419	2	1	22	0	1	16000	1	1	2	1	0	9	0	0	0.96	4	0	1	0	0	0	6.1	0.17	2.04	7.6	0.77	3.8
2422	2	1	22	0	1	3000	0	1	1	0	0	8	1	0	0	5	0	1	0	0	0	27	0.52	9.02	31.5	2.7	14.2
2425	1	1	34	0	0	4000	0	1	1	0	1	6	0	1	1	5	0	1	0	0	0	11.4	0.3	3.81	13.3	1.28	3.8
2426	1	2	33	0	0	10000	1	1	2	1	0	8	1	0	1	2	1	0	0	0	0	12.4	0.4	4.14	14.82	1.58	3.8
2429	1	2	25	0	0	7000	0	1	1	0	0	2	0	1	0	5	0	1	0	0	0	17.6	0.4	5.88	23.71	2.02	3.8
2433	2	1	22	0	1	3000	0	1	1	0	0	1	0	1	0.14	4	0	1	0	0	0	13.3	0.37	4.44	17	1.65	9.3
2434	1	2	23	0	0	5000	0	1	2	1	0	2	0	1	0.52	5	0	1	0	0	0	11.4	0.25	3.81	11	0.9	7
2438	2	1	43	0	0	1000	0	1	1	0	1	11	0	0	0.37	2	1	0	0	0	0	21	0.42	7.01	22	1.95	10.5
2440	2	1	20	0	1	4000	0	1	1	0	0	2	0	1	0.6	5	0	1	0	0	0	12.2	0.25	4.07	11.3	1.08	3.8
2446	1	1	49	1	0	14000	1	1	2	1	0	6	0	1	0	3	0	0	0	0	0	18.5	0.32	6.18	21.1	1.7	6.7
2448	2	2	27	0	0	6000	0	1	1	0	0	8	1	0	0.68	4	0	1	0	0	0	17.9	0.4	5.98	28.1	1.78	3.8
2454	2	1	20	0	1	35000	1	1	2	1	0	1	0	1	0.37	4	0	1	0	0	0	14.2	0.33	4.74	15.9	1.38	3.8
2461	2	1	24	0	1	2000	0	1	1	0	0	8	1	0	0	5	0	1	0	0	0	17.6	0.4	5.88	23.71	2.02	3.8
2464	1	2	33	0	1	3000	0	1	1	0	0	1	0	1	0.16	1	1	0	0	0	0	11.8	0.33	3.94	15.7	1.57	9.3
2480	1	1	48	1	1	9000	1	1	1	0	1	8	1	0	0.85	4	0	1	0	0	0	7.4	0.17	2.47	9.2	0.97	12.8
2482	1	1	20	0	0	10000	1	1	3	1	1	6	0	1	0.68	5	0	1	0	0	0	17.9	0.4	5.98	28.1	1.78	3.8
2487	1	1	21	0	1	3000	0	1	1	0	0	8	1	0	0.48	5	0	1	1	0	0	14.2	0.33	4.74	16.26	1.45	3.8
2489	1	2	32	0	0	5000	0	1	1	0	1	2	0	1	1	1	1	0	0	0	0	8.2	0.2	2.74	9.2	0.9	3.8
2494	2	1	20	0	1	10000	1	1	1	0	0	2	0	1	0.75	5	0	1	0	0	0	9.9	0.23	3.31	11.96	1.1	3.8
2497	1	1	21	0	0	28000	1	1	4	1	0	8	1	0	1	5	0	1	0	0	0	9.1	0.2	3.04	11	1.1	16.6
2498	2	1	23	0	1	8000	1	1	1	0	0	8	1	0	0	5	0	1	0	0	0	36	0.63	12.02	38.4	3.57	29.9
2506	2	1	22	0	0	8000	1	1	1	0	0	8	1	0	1	5	0	1	1	0	0	13.1	0.38	4.38	14.7	1.33	3.8
2509	2	2	45	0	1	4000	0	1	1	0	0	8	1	0	0.73	5	0	1	0	0	0	16.2	0.38	5.41	17.3	1.45	3.8
2512	2	1	59	1	0	5000	0	1	1	0	0	6	0	1	0	5	0	1	0	0	0	36	0.63	12.02	38.4	3.57	29.9
2516	2	1	22	0	0	4000	0	1	1	0	0	6	0	1	0	5	0	1	0	0	0	19.7	0.5	6.58	21.79	2.1	17.8
2522	1	1	26	0	1	3000	0	1	1	0	0	8	1	0	0.68	5	0	1	0	0	0	17.9	0.4	5.98	28.1	1.78	3.8
2530	2	1	59	1	0	4000	0	1	2	1	0	1	0	1	1	5	0	1	0	0	0	15.1	0.33	5.04	16.2	1.32	7.5
2536	1	1	23	0	1	5000	0	1	3	1	1	6	0	1	1	5	0	1	1	0	0	13.1	0.38	4.38	14.7	1.33	3.8
2539	2	1	59	1	0	3000	0	1	1	0	0	6	0	1	0	3	0	0	0	0	0	9.9	0.25	3.31	11.8	1.02	7.5
2541	1	1	56	1	0	10000	1	1	2	1	0	6	0	1	0.84	5	0	1	0	0	0	9.3	0.23	3.11	9.8	1.02	3.8
2543	2	1	23	0	0	9000	1	1	1	0	1	8	1	0	0.32	5	0	1	0	0	0	14.3	0.42	4.78	18.74	1.38	3.8
2544	1	2	27	0	1	10000	1	1	2	1	0	8	1	0	1	0	1	0	0	1	0	13.1	0.38	4.38	14.7	1.33	3.8
2548	2	1	25	0	1	3000	0	1	1	0	1	10	0	0	0	5	0	1	0	0	0	29.4	0.53	9.82	41.5	1.9	10.7
2556	2	1	25	0	1	7000	0	1	1	0	0	1	0	1	0	5	0	1	0	0	0	19.7	0.5	6.58	21.79	2.1	17.8
2560	1	2	27	0	0	10000	1	1	3	1	0	8	1	0	0	4	0	1	0	0	0	18.5	0.32	6.18	21.1	1.7	6.7
2561	1	2	25	0	1	10000	1	1	1	0	0	10	0	0	0.32	1	1	0	0	0	0	14.3	0.42	4.78	18.74	1.38	3.8
2563	2	1	21	0	0	1000	0	1	1	0	1	6	0	1	1	5	0	1	0	0	0	10.7	0.23	3.57	12.9	1.28	16.59
2569	2	1	22	0	0	2000	0	1	1	0	0	1	0	1	0.99	5	0	1	0	0	0	16.1	0.37	5.38	16	1.23	7.5
2571	2	1	23	0	0	18000	1	1	2	1	1	6	0	1	0.78	4	0	1	0	0	0	20.4	0.4	6.81	20	1.77	9.3
2574	2	1	25	0	0	6000	0	1	2	1	0	2	0	1	0.6	5	0	1	0	0	0	12.2	0.25	4.07	11.3	1.08	3.8
2578	1	1	26	0	1	7000	0	1	3	1	1	8	1	0	0	5	0	1	0	0	0	18.5	0.32	6.18	21.1	1.7	6.7
2582	2	1	23	0	1	3000	0	1	1	0	0	2	0	1	0	5	0	1	1	0	0	12.3	0.33	4.11	20.7	1.38	7.5
2584	2	2	28	0	0	6000	0	1	1	0	0	2	0	1	0	5	0	1	0	0	0	14.9	0.33	4.98	18.9	1.32	12.4
2592	1	2	25	0	1	20000	1	1	2	1	1	8	1	0	0.16	3	0	0	0	0	0	11.8	0.33	3.94	15.7	1.57	9.3
2597	1	2	25	0	1	10000	1	1	2	1	0	8	1	0	0.73	5	0	1	0	0	0	16.2	0.38	5.41	17.3	1.45	3.8
2612	1	1	23	0	1	5000	0	1	1	0	0	11	0	0	0	5	0	1	0	0	0	17.9	0.42	5.98	22.34	1.9	3.8
2615	2	1	23	0	0	7000	0	1	1	0	0	6	0	1	1	5	0	1	0	0	0	12.9	0.35	4.31	14.6	1.43	18.69
2619	2	2	23	0	0	8000	1	1	2	1	0	8	1	0	0.18	5	0	1	0	0	0	43.6	0.78	14.56	42.7	2	7
2636	1	2	53	1	0	10000	1	1	1	0	0	6	0	1	0	1	1	0	0	1	0	19.7	0.5	6.58	21.79	2.1	17.8
2639	1	2	29	0	0	12000	1	1	3	1	0	8	1	0	0.1	5	0	1	0	0	0	27.4	0.45	9.15	27.17	2.25	12.1
2644	1	2	64	1	0	14000	1	1	2	1	1	6	0	1	0	0	1	0	0	0	1	14.9	0.32	4.98	17.6	1.72	3.8
2654	2	2	37	0	0	3000	0	1	1	0	0	11	0	0	0	1	1	0	0	0	0	50.4	0.75	16.83	65	6.32	28.45
2656	2	1	20	0	1	7000	0	1	1	0	1	1	0	1	0	4	0	1	0	0	0	36	0.63	12.02	38.4	3.57	29.9
2661	2	1	20	0	1	6000	0	1	1	0	0	8	1	0	0.1	4	0	1	0	0	0	27.4	0.45	9.15	27.17	2.25	12.1
2670	1	1	27	0	0	10000	1	1	2	1	0	8	1	0	0.6	5	0	1	0	0	0	12.2	0.25	4.07	11.3	1.08	3.8
2678	1	1	24	0	0	5000	0	1	3	1	1	6	0	1	1	4	0	1	0	0	0	13.1	0.38	4.38	14.7	1.33	3.8
2679	1	1	23	0	1	8000	1	1	1	0	0	1	0	1	1	4	0	1	0	0	0	10.7	0.23	3.57	12.9	1.28	16.59
2681	1	2	34	0	1	8000	1	1	1	0	0	7	0	0	1	1	1	0	0	0	0	11	0.27	3.67	12.9	1.33	16.59
2687	2	1	21	0	1	12000	1	1	1	0	0	8	1	0	0.77	5	0	1	0	0	0	14.2	0.3	4.74	15.8	1.37	3.8
2688	2	2	27	0	0	16000	1	1	3	1	0	2	0	1	0.77	5	0	1	0	0	0	14.2	0.3	4.74	15.8	1.37	3.8
2698	2	1	29	0	1	7000	0	1	1	0	1	6	0	1	1	5	0	1	0	0	0	11	0.27	3.67	12.9	1.33	16.59
2701	2	2	26	0	0	2000	0	1	1	0	0	1	0	1	0	4	0	1	0	0	0	27	0.52	9.02	31.5	2.7	14.2
2704	2	1	21	0	0	6000	0	1	2	1	0	6	0	1	0.24	5	0	1	0	0	0	27	0.48	9.02	27.5	2.35	3.8
2705	2	1	18	0	1	12000	1	1	1	0	1	8	1	0	0.78	5	0	1	0	0	0	20.4	0.4	6.81	20	1.77	9.3
2706	2	2	26	0	1	18000	1	1	1	0	0	1	0	1	0.73	1	1	0	0	0	0	16.2	0.38	5.41	17.3	1.45	3.8
2709	1	1	21	0	0	7000	0	1	3	1	0	1	0	1	0.78	4	0	1	0	0	0	20.4	0.4	6.81	20	1.77	9.3
2712	1	1	23	0	1	20000	1	1	2	1	1	9	0	0	0.84	5	0	1	0	0	0	9.3	0.23	3.11	9.8	1.02	3.8
2715	1	2	31	0	1	12000	1	1	1	0	1	10	0	0	1	5	0	1	0	0	0	9.1	0.2	3.04	11	1.1	16.6
2716	2	1	50	1	0	3000	0	1	1	0	1	6	0	1	0.77	3	0	0	0	0	0	14.2	0.3	4.74	15.8	1.37	3.8
2722	1	2	31	0	0	4000	0	1	1	0	0	8	1	0	0.68	5	0	1	0	0	0	17.9	0.4	5.98	28.1	1.78	3.8
2725	2	1	22	0	1	5000	0	1	2	1	1	6	0	1	0.99	5	0	1	0	0	0	16.1	0.37	5.38	16	1.23	7.5
2736	1	1	20	0	1	35000	1	1	1	0	0	8	1	0	0.77	5	0	1	0	0	0	14.2	0.3	4.74	15.8	1.37	3.8
2747	2	2	26	0	1	4000	0	1	1	0	0	8	1	0	0.25	5	0	1	0	0	0	14.8	0.3	4.94	15.4	1.22	7
2753	1	1	25	0	0	3000	0	1	1	0	0	2	0	1	1	5	0	1	0	0	0	9.1	0.2	3.04	11	1.1	16.6
2756	2	1	21	0	0	12000	1	1	2	1	0	1	0	1	0.68	4	0	1	0	0	0	17.9	0.4	5.98	28.1	1.78	3.8
2759	2	1	32	0	0	1000	0	1	1	0	1	6	0	1	0	2	1	0	0	0	0	53.4	0.77	17.84	55.7	4.45	28.45
2762	1	1	21	0	1	35000	1	1	2	1	0	8	1	0	0	5	0	1	0	0	0	23	0.47	7.68	32	2.85	19.8
2763	1	1	19	0	0	2000	0	1	1	0	0	8	1	0	1	5	0	1	0	0	0	10.7	0.23	3.57	12.9	1.28	16.59
2766	2	1	23	0	1	5000	0	1	1	0	0	8	1	0	0.68	4	0	1	0	0	0	17.9	0.4	5.98	28.1	1.78	3.8
2767	2	1	20	0	1	4000	0	1	1	0	1	2	0	1	0.18	5	0	1	0	0	0	27.9	0.53	9.32	36	1.82	10.7
2768	2	1	21	0	1	4000	0	1	1	0	0	8	1	0	0	5	0	1	0	0	0	13.9	0.28	4.64	24.7	1.55	10.7
2778	2	1	19	0	1	1000	0	1	1	0	0	11	0	0	0	5	0	1	0	0	0	36	0.63	12.02	38.4	3.57	29.9
2782	2	1	40	0	0	2000	0	1	1	0	0	6	0	1	0.73	4	0	1	0	0	0	16.2	0.38	5.41	17.3	1.45	3.8
2783	2	1	18	0	1	10000	1	1	3	1	0	6	0	1	0	5	0	1	0	0	0	36	0.63	12.02	38.4	3.57	29.9
2784	1	1	22	0	1	7000	0	1	2	1	1	8	1	0	0	5	0	1	0	0	0	12.3	0.33	4.11	20.7	1.38	7.5
2785	2	1	22	0	0	7000	0	1	1	0	1	8	1	0	0	5	0	1	0	0	0	36	0.63	12.02	38.4	3.57	29.9
2786	1	2	43	0	0	3000	0	1	2	1	1	2	0	1	0.18	4	0	1	0	0	0	43.6	0.78	14.56	42.7	2	7
2787	2	2	38	0	0	3000	0	1	1	0	1	2	0	1	1	5	0	1	0	0	0	13.1	0.38	4.38	14.7	1.33	3.8
2789	2	2	29	0	0	3000	0	1	1	0	0	8	1	0	0	5	0	1	0	0	0	26.2	0.52	8.75	31.4	1.42	7
2797	1	1	24	0	1	2000	0	1	1	0	1	11	0	0	0.18	1	1	0	0	0	0	43.6	0.78	14.56	42.7	2	7
2800	2	2	54	1	1	7000	0	1	2	1	1	8	1	0	1	5	0	1	1	0	0	13.1	0.38	4.38	14.7	1.33	3.8
2807	2	1	25	0	0	5000	0	1	1	0	1	2	0	1	0.61	3	0	0	0	0	0	28.8	0.53	9.62	25.5	2.43	10.5
2808	1	2	28	0	1	8000	1	1	1	0	0	2	0	1	0	5	0	1	1	0	0	13.5	0.4	4.51	16.4	1.63	3.8
2811	1	1	24	0	1	10000	1	1	2	1	1	8	1	0	0	3	0	0	0	0	0	15.9	0.35	5.31	21.8	1.87	3.8
2816	2	2	32	0	0	4000	0	1	1	0	0	2	0	1	1	3	0	0	0	0	0	12.4	0.4	4.14	14.82	1.58	3.8
2818	2	1	25	0	0	4000	0	1	2	1	0	6	0	1	0.16	0	1	0	0	1	0	11.8	0.33	3.94	15.7	1.57	9.3
2825	1	2	30	0	0	18000	1	1	1	0	1	8	1	0	0	3	0	0	1	0	0	14.9	0.32	4.98	17.6	1.72	3.8
2828	2	1	28	0	1	8000	1	1	1	0	1	7	0	0	0	4	0	1	0	0	0	14.9	0.33	4.98	18.9	1.32	12.4
2834	2	2	29	0	1	8000	1	1	1	0	1	8	1	0	0	3	0	0	0	0	0	22.6	0.57	7.55	24.6	1.98	14.6
2838	2	1	22	0	0	10000	1	1	1	0	0	11	0	0	1	5	0	1	0	0	0	9.1	0.2	3.04	11	1.1	16.6
2839	1	1	23	0	1	6000	0	1	3	1	0	1	0	1	0.53	5	0	1	0	0	0	8.2	0.2	2.74	10.13	1.1	3.8
2841	2	2	29	0	0	10000	1	1	3	1	0	7	0	0	0.76	5	0	1	0	0	0	11.6	0.28	3.87	13.4	1.15	3.8
2842	2	1	23	0	0	16000	1	1	2	1	1	8	1	0	1	5	0	1	0	0	0	13.1	0.38	4.38	14.7	1.33	3.8
2843	2	1	33	0	0	1000	0	1	1	0	0	2	0	1	0	5	0	1	0	0	0	66.8	0.87	22.31	75.4	6.23	13.3
2848	1	1	22	0	1	20000	1	1	2	1	0	1	0	1	0.37	5	0	1	0	0	0	18	0.32	6.01	19.9	1.68	3.8
2850	2	2	34	0	1	4000	0	1	1	0	1	8	1	0	0	5	0	1	1	0	0	14.9	0.33	4.98	18.9	1.32	12.4
2851	2	1	22	0	1	10000	1	1	3	1	0	1	0	1	0.85	5	0	1	0	0	0	18.9	0.43	6.31	20.1	1.45	10.8
2852	1	1	24	0	0	8000	1	1	3	1	0	6	0	1	0	4	0	1	0	0	0	19.8	0.52	6.61	20.4	1.38	7
2861	2	2	30	0	1	4000	0	1	1	0	0	8	1	0	1	5	0	1	0	0	0	5.1	0.17	1.7	8	0.83	3.8
2868	2	2	54	1	1	5000	0	1	1	0	0	8	1	0	1	4	0	1	0	0	0	12.3	0.33	4.11	16.74	1.5	3.8
2884	2	1	24	0	1	3000	0	1	1	0	1	6	0	1	1	5	0	1	0	0	0	12.9	0.35	4.31	14.6	1.43	18.69
2888	2	1	20	0	1	5000	0	1	1	0	0	8	1	0	0.99	5	0	1	0	0	0	7.1	0.17	2.37	10.9	0.93	3.8
2892	2	1	24	0	0	6000	0	1	1	0	1	11	0	0	0	5	0	1	0	0	0	13.9	0.28	4.64	24.7	1.55	10.7
2894	1	2	24	0	0	4000	0	1	2	1	0	8	1	0	0.59	5	0	1	0	0	0	14.7	0.33	4.91	12.3	1.25	3.8
2897	1	1	21	0	1	3000	0	1	1	0	0	8	1	0	0.37	4	0	1	0	0	0	18	0.32	6.01	19.9	1.68	3.8
2898	1	1	26	0	1	24000	1	1	2	1	1	6	0	1	0	5	0	1	0	0	0	18.5	0.32	6.18	21.1	1.7	6.7
2901	2	1	18	0	1	4000	0	1	2	1	0	8	1	0	0	5	0	1	0	0	0	31.7	0.57	10.59	46.2	2.23	10.7
2904	1	2	48	1	0	6000	0	1	1	0	0	6	0	1	0.32	2	1	0	0	0	0	13.5	0.28	4.51	14.73	1.68	3.8
2912	2	1	24	0	1	6000	0	1	2	1	0	8	1	0	0.18	5	0	1	0	0	0	43.6	0.78	14.56	42.7	2	7
2921	2	1	24	0	1	10000	1	1	1	0	0	8	1	0	1	5	0	1	1	0	0	13.1	0.38	4.38	14.7	1.33	3.8
2926	2	1	21	0	1	4000	0	1	2	1	1	8	1	0	0.16	5	0	1	0	0	0	11.8	0.33	3.94	15.7	1.57	9.3
2932	1	1	21	0	1	35000	1	1	3	1	0	8	1	0	1	5	0	1	0	0	0	9.1	0.2	3.04	11	1.1	16.6
2940	1	1	22	0	0	12000	1	1	2	1	0	2	0	1	1	5	0	1	0	0	0	9.1	0.2	3.04	11	1.1	16.6
2952	2	1	24	0	0	12000	1	1	1	0	0	8	1	0	0.77	1	1	0	0	0	0	14.2	0.3	4.74	15.8	1.37	3.8
2955	2	1	23	0	1	7000	0	1	2	1	0	2	0	1	1	3	0	0	0	0	0	13	0.35	4.34	16.5	1.63	16.59
2962	1	1	19	0	1	12000	1	1	2	1	0	2	0	1	1	5	0	1	0	0	0	13.1	0.38	4.38	14.7	1.33	3.8
2966	2	1	20	0	0	5000	0	1	1	0	0	11	0	0	0	3	0	0	0	0	0	19.7	0.5	6.58	21.79	2.1	17.8
2970	2	1	51	1	1	7000	0	1	1	0	0	6	0	1	1	4	0	1	0	0	0	9.1	0.2	3.04	11	1.1	16.6
2977	1	1	23	0	1	18000	1	1	3	1	0	8	1	0	0	5	0	1	0	0	0	14.2	0.27	4.74	19	1.58	3.8
2978	2	1	21	0	1	3000	0	1	1	0	0	8	1	0	0	5	0	1	0	0	0	50.3	0.9	16.8	54.8	3.57	21.5
2979	1	2	28	0	1	4000	0	1	1	0	0	8	1	0	1	5	0	1	0	0	0	11.4	0.3	3.81	14	1.32	22.7
2982	2	1	22	0	1	5000	0	1	2	1	0	6	0	1	0.85	4	0	1	0	0	0	7.4	0.17	2.47	9.2	0.97	12.8
2987	2	1	21	0	1	5000	0	1	1	0	0	8	1	0	0	5	0	1	0	0	0	19.8	0.52	6.61	20.4	1.38	7
3000	1	2	28	0	1	4000	0	1	1	0	0	2	0	1	0.16	5	0	1	0	0	0	21.8	0.65	7.28	36.7	4.45	32.59
3010	1	2	32	0	1	4000	0	1	1	0	0	2	0	1	0	2	1	0	0	0	0	19.7	0.5	6.58	21.79	2.1	17.8
3016	2	1	21	0	0	20000	1	1	2	1	0	1	0	1	0.1	5	0	1	0	0	0	27.4	0.45	9.15	27.17	2.25	12.1
3025	2	1	23	0	0	7000	0	1	1	0	0	11	0	0	0.16	0	1	0	1	0	0	11.8	0.33	3.94	15.7	1.57	9.3
3029	2	1	20	0	0	1000	0	1	1	0	0	8	1	0	0.99	4	0	1	1	0	0	23.4	0.48	7.82	34	1.65	10.7
3033	1	1	23	0	1	6000	0	1	1	0	1	8	1	0	0	1	1	0	0	0	0	17.9	0.42	5.98	22.34	1.9	3.8
3035	2	1	19	0	0	20000	1	1	1	0	1	2	0	1	0.73	5	0	1	0	0	0	16.2	0.38	5.41	17.3	1.45	3.8
3036	2	2	29	0	0	6000	0	1	1	0	1	8	1	0	0	2	1	0	0	0	0	13.9	0.28	4.64	24.7	1.55	10.7
3039	2	2	32	0	1	8000	1	1	1	0	1	8	1	0	0	1	1	0	0	0	0	12.3	0.33	4.11	20.7	1.38	7.5
3040	2	1	21	0	0	1000	0	1	1	0	0	8	1	0	0	5	0	1	0	0	0	19.7	0.5	6.58	21.79	2.1	17.8
3043	2	1	21	0	0	4000	0	1	1	0	0	8	1	0	1	3	0	0	0	0	0	8.4	0.25	2.81	9.7	1.02	3.8
3044	2	1	20	0	0	2000	0	1	1	0	0	1	0	1	0	4	0	1	0	0	0	27	0.52	9.02	31.5	2.7	14.2
3047	2	1	21	0	0	12000	1	1	1	0	0	8	1	0	0	5	0	1	0	0	0	14.2	0.27	4.74	19	1.58	3.8
3048	1	2	39	0	0	7000	0	1	1	0	0	8	1	0	0	0	1	0	0	1	0	36	0.63	12.02	38.4	3.57	29.9
3053	2	1	23	0	0	7000	0	1	1	0	0	6	0	1	0	0	1	0	1	0	0	14.9	0.33	4.98	18.9	1.32	12.4
3054	2	1	19	0	0	10000	1	1	1	0	0	2	0	1	0.1	5	0	1	0	0	0	27.4	0.45	9.15	27.17	2.25	12.1
3055	1	1	22	0	1	4000	0	1	1	0	0	6	0	1	0.27	5	0	1	0	0	0	27.5	0.53	9.19	37.1	1.7	10.7
3056	1	1	44	0	1	2000	0	1	1	0	0	8	1	0	1	5	0	1	0	0	0	5.5	0.18	1.84	6.4	0.67	3.8
3061	2	1	25	0	1	5000	0	1	1	0	1	1	0	1	0	4	0	1	0	0	0	26.2	0.52	8.75	31.4	1.42	7
3062	1	1	23	0	0	10000	1	1	2	1	1	8	1	0	0	5	0	1	0	0	0	14.9	0.32	4.98	17.6	1.72	3.8
3068	2	1	45	0	1	35000	1	1	3	1	0	11	0	0	0.1	0	1	0	0	0	1	27.4	0.45	9.15	27.17	2.25	12.1
3069	1	1	36	0	1	8000	1	1	1	0	1	1	0	1	1	5	0	1	0	0	0	13.1	0.38	4.38	14.7	1.33	3.8
3074	2	2	28	0	0	4000	0	1	1	0	0	8	1	0	0	5	0	1	0	0	0	27	0.52	9.02	31.5	2.7	14.2
3076	2	1	24	0	0	6000	0	1	1	0	0	2	0	1	0	5	0	1	0	0	0	12.3	0.33	4.11	20.7	1.38	7.5
3080	2	1	25	0	0	4000	0	1	1	0	1	2	0	1	0.27	5	0	1	0	0	0	27.5	0.53	9.19	37.1	1.7	10.7
3081	2	2	27	0	1	10000	1	1	3	1	1	8	1	0	0	3	0	0	0	0	0	18.5	0.32	6.18	21.1	1.7	6.7
3082	1	2	31	0	0	5000	0	1	1	0	0	8	1	0	1	5	0	1	0	0	0	9.1	0.2	3.04	11	1.1	16.6
3084	2	1	25	0	1	4000	0	1	2	1	0	8	1	0	0.74	5	0	1	0	0	0	37.8	0.63	12.63	38.3	2.13	7
3086	1	1	24	0	1	7000	0	1	3	1	0	8	1	0	1	4	0	1	0	0	0	13.1	0.38	4.38	14.7	1.33	3.8
3088	1	2	32	0	1	6000	0	1	2	1	0	8	1	0	1	0	1	0	1	0	0	9.1	0.2	3.04	11	1.1	16.6
3092	2	1	23	0	0	3000	0	1	2	1	1	1	0	1	1	5	0	1	0	0	0	12.9	0.35	4.31	14.6	1.43	18.69
3095	1	2	40	0	1	18000	1	1	1	0	0	3	0	0	1	5	0	1	0	0	0	7.4	0.17	2.47	9	0.83	3.8
3097	1	2	38	0	1	16000	1	1	1	0	1	8	1	0	1	2	1	0	0	0	0	13.1	0.38	4.38	14.7	1.33	3.8
3098	2	2	28	0	1	10000	1	1	1	0	1	8	1	0	0.75	2	1	0	0	0	0	9.9	0.23	3.31	11.96	1.1	3.8
3099	2	1	32	0	0	14000	1	1	1	0	1	3	0	0	1	5	0	1	0	0	0	13.1	0.38	4.38	14.7	1.33	3.8
3101	2	1	33	0	0	4000	0	1	1	0	1	6	0	1	1	5	0	1	0	0	0	16	0.38	5.34	17.7	1.3	7
3103	2	2	29	0	1	6000	0	1	1	0	0	8	1	0	0.25	5	0	1	0	0	0	14.8	0.3	4.94	15.4	1.22	7
3107	1	1	35	0	1	3000	0	1	1	0	1	8	1	0	0	5	0	1	0	0	0	12.3	0.33	4.11	20.7	1.38	7.5
3109	2	1	19	0	0	22000	1	1	2	1	1	2	0	1	0	2	1	0	0	0	0	14.9	0.32	4.98	17.6	1.72	3.8
3115	1	1	24	0	1	10000	1	1	3	1	1	8	1	0	1	5	0	1	1	0	0	9.1	0.2	3.04	11	1.1	16.6
3116	2	1	20	0	1	2000	0	1	1	0	0	8	1	0	0.61	5	0	1	0	0	0	28.8	0.53	9.62	25.5	2.43	10.5
3118	1	1	44	0	0	6000	0	1	2	1	1	6	0	1	0	5	0	1	0	0	0	15.9	0.35	5.31	21.8	1.87	3.8
3124	1	1	60	1	0	3000	0	1	2	1	0	6	0	1	0	2	1	0	0	0	0	41.5	0.83	13.86	51.1	4.6	29.8
3132	2	1	20	0	0	16000	1	1	2	1	1	8	1	0	1	4	0	1	0	0	0	13.1	0.38	4.38	14.7	1.33	3.8
3133	1	2	27	0	0	14000	1	1	1	0	0	8	1	0	1	5	0	1	0	0	0	10.7	0.23	3.57	12.9	1.28	16.59
3136	1	2	26	0	0	2000	0	1	1	0	0	8	1	0	1	5	0	1	0	0	0	12.3	0.25	4.11	14.88	1.4	3.8
3143	1	2	47	1	1	16000	1	1	2	1	0	8	1	0	0.18	1	1	0	0	0	0	43.6	0.78	14.56	42.7	2	7
3145	1	2	26	0	0	9000	1	1	1	0	1	8	1	0	0.72	5	0	1	1	0	0	12.4	0.25	4.14	21.1	1.37	10.7
3148	2	1	42	0	1	12000	1	1	1	0	1	6	0	1	0.99	5	0	1	0	0	0	16.1	0.37	5.38	16	1.23	7.5
3149	2	1	49	1	0	5000	0	1	1	0	0	6	0	1	0.26	5	0	1	0	0	0	29.2	0.6	9.75	39.2	1.78	10.7
3150	2	1	21	0	0	2000	0	1	1	0	0	8	1	0	0.24	5	0	1	0	0	0	27	0.48	9.02	27.5	2.35	3.8
3151	2	1	23	0	0	1000	0	1	1	0	1	2	0	1	0.69	5	0	1	0	0	0	18	0.42	6.01	19.1	1.38	10.8
3156	2	2	39	0	1	10000	1	1	1	0	0	8	1	0	0.85	0	1	0	0	0	1	18.9	0.43	6.31	20.1	1.45	10.8
3159	1	2	26	0	0	14000	1	1	2	1	0	8	1	0	1	5	0	1	0	0	0	9.1	0.2	3.04	11	1.1	16.6
3163	2	2	27	0	1	6000	0	1	1	0	1	2	0	1	0.37	5	0	1	0	0	0	18	0.32	6.01	19.9	1.68	3.8
3167	2	2	28	0	1	3000	0	1	1	0	1	8	1	0	0.84	2	1	0	0	0	0	13.3	0.4	4.44	13.6	1.2	7.5
3168	1	2	51	1	1	10000	1	1	1	0	1	6	0	1	0	3	0	0	0	0	0	19.7	0.5	6.58	21.79	2.1	17.8
3175	2	1	33	0	1	3000	0	1	1	0	1	6	0	1	0	5	0	1	0	0	0	12.3	0.33	4.11	20.7	1.38	7.5
3180	2	1	56	1	1	4000	0	1	1	0	1	11	0	0	0.01	5	0	1	1	0	0	36	0.8	12.02	45.3	2.53	24.1
3183	2	1	25	0	0	6000	0	1	1	0	0	2	0	1	0	2	1	0	0	0	0	18.5	0.32	6.18	21.1	1.7	6.7
3187	2	1	22	0	0	3000	0	1	1	0	1	6	0	1	1	5	0	1	0	0	0	5.1	0.17	1.7	8	0.83	3.8
3189	2	1	22	0	1	20000	1	1	2	1	0	8	1	0	0.1	5	0	1	0	0	0	27.4	0.45	9.15	27.17	2.25	12.1
3194	2	1	27	0	0	5000	0	1	1	0	0	6	0	1	1	3	0	0	0	0	0	5.1	0.17	1.7	8	0.83	3.8
3196	1	1	21	0	1	7000	0	1	1	0	1	11	0	0	0.58	3	0	0	0	0	0	19.2	0.33	6.41	17.6	1.75	13.8
3197	1	2	50	1	0	18000	1	1	2	1	0	2	0	1	0	5	0	1	0	0	0	17.9	0.42	5.98	22.34	1.9	3.8
3205	2	1	22	0	0	5000	0	1	1	0	0	2	0	1	0.78	5	0	1	0	0	0	20.4	0.4	6.81	20	1.77	9.3
3213	2	1	22	0	1	3000	0	1	1	0	0	6	0	1	0	5	0	1	0	0	0	12.3	0.33	4.11	20.7	1.38	7.5
3218	1	1	58	1	0	7000	0	1	1	0	1	6	0	1	0	5	0	1	0	0	0	13.5	0.4	4.51	16.4	1.63	3.8
3219	1	2	29	0	0	7000	0	1	1	0	0	6	0	1	0.37	0	1	0	0	0	1	14.2	0.33	4.74	15.9	1.38	3.8
3221	2	1	22	0	1	1000	0	1	1	0	1	8	1	0	0.18	5	0	1	0	0	0	43.6	0.78	14.56	42.7	2	7
3227	1	1	24	0	1	8000	1	1	2	1	0	8	1	0	0	5	0	1	0	0	0	18.5	0.32	6.18	21.1	1.7	6.7
3231	1	1	19	0	1	7000	0	1	3	1	0	1	0	1	1	5	0	1	0	0	0	9.1	0.2	3.04	11	1.1	16.6
3241	1	2	49	1	0	9000	1	1	1	0	1	8	1	0	0.77	1	1	0	0	0	0	14.2	0.3	4.74	15.8	1.37	3.8
3250	1	2	35	0	0	12000	1	1	2	1	0	2	0	1	0	5	0	1	0	0	0	41.5	0.83	13.86	51.1	4.6	29.8
3251	1	1	25	0	0	7000	0	1	1	0	1	8	1	0	0	4	0	1	0	0	0	18.5	0.32	6.18	21.1	1.7	6.7
3257	1	2	22	0	1	5000	0	1	1	0	1	8	1	0	1	5	0	1	0	0	0	10.7	0.28	3.57	12.4	1.22	18.7
3271	2	1	22	0	1	3000	0	1	2	1	0	2	0	1	0	5	0	1	1	0	0	12.3	0.33	4.11	20.7	1.38	7.5
3273	1	1	24	0	0	24000	1	1	2	1	0	9	0	0	0	4	0	1	0	0	0	17.9	0.42	5.98	22.34	1.9	3.8
3274	2	1	21	0	0	5000	0	1	1	0	0	9	0	0	0.99	3	0	0	0	0	0	16.1	0.37	5.38	16	1.23	7.5
3278	2	2	25	0	1	10000	1	1	1	0	0	8	1	0	0.59	5	0	1	0	0	0	14.7	0.33	4.91	12.3	1.25	3.8
3280	2	1	24	0	0	6000	0	1	1	0	1	6	0	1	0.27	5	0	1	0	0	0	27.5	0.53	9.19	37.1	1.7	10.7
3281	2	1	22	0	0	35000	1	1	1	0	1	6	0	1	0	3	0	0	0	0	0	14.2	0.27	4.74	19	1.58	3.8
3284	1	1	20	0	0	10000	1	1	3	1	0	6	0	1	1	3	0	0	0	0	0	9.1	0.2	3.04	11	1.1	16.6
3285	1	2	30	0	1	5000	0	1	1	0	0	8	1	0	0.99	3	0	0	0	0	0	5.8	0.12	1.94	7.7	0.8	3.8
3286	1	1	34	0	1	6000	0	1	1	0	0	11	0	0	0	0	1	0	0	0	1	31.7	0.57	10.59	46.2	2.23	10.7
3299	2	1	23	0	1	2000	0	1	1	0	1	6	0	1	0.16	3	0	0	0	0	0	11.8	0.33	3.94	15.7	1.57	9.3
3302	2	1	19	0	0	16000	1	1	1	0	1	9	0	0	1	1	1	0	0	0	0	13.1	0.38	4.38	14.7	1.33	3.8
3307	2	2	43	0	1	8000	1	1	1	0	0	8	1	0	0	3	0	0	0	0	0	29.4	0.53	9.82	41.5	1.9	10.7
3312	1	2	27	0	0	4000	0	1	1	0	0	2	0	1	0.99	1	1	0	0	0	0	5.8	0.12	1.94	7.7	0.8	3.8
3314	1	1	29	0	0	35000	1	1	3	1	0	8	1	0	0.1	0	1	0	0	0	1	27.4	0.45	9.15	27.17	2.25	12.1
3316	2	2	25	0	1	5000	0	1	1	0	0	8	1	0	0	5	0	1	0	0	0	36	0.63	12.02	38.4	3.57	29.9
3318	2	2	25	0	0	5000	0	1	3	1	1	8	1	0	0	4	0	1	0	0	0	14.9	0.33	4.98	18.9	1.32	12.4
3319	2	2	31	0	1	18000	1	1	2	1	1	8	1	0	1	0	1	0	0	1	0	11	0.27	3.67	12.9	1.33	16.59
3320	2	2	38	0	1	16000	1	1	1	0	1	8	1	0	0.18	0	1	0	0	0	1	27.9	0.53	9.32	36	1.82	10.7
3327	2	1	20	0	1	2000	0	1	1	0	0	8	1	0	0.27	5	0	1	0	0	0	27.5	0.53	9.19	37.1	1.7	10.7
3328	2	2	26	0	0	10000	1	1	1	0	0	8	1	0	0.68	5	0	1	0	0	0	17.9	0.4	5.98	28.1	1.78	3.8
3335	1	2	36	0	0	10000	1	1	1	0	0	8	1	0	0.59	5	0	1	0	0	0	14.7	0.33	4.91	12.3	1.25	3.8
3338	2	1	19	0	1	16000	1	1	2	1	0	8	1	0	0.73	4	0	1	0	0	0	16.2	0.38	5.41	17.3	1.45	3.8
3342	1	1	25	0	1	14000	1	1	3	1	0	1	0	1	0.73	5	0	1	0	0	0	16.2	0.38	5.41	17.3	1.45	3.8
3344	1	2	56	1	1	12000	1	1	1	0	1	8	1	0	0.68	2	1	0	0	0	0	17.9	0.4	5.98	28.1	1.78	3.8
3345	2	1	22	0	1	2000	0	1	1	0	0	6	0	1	0.18	4	0	1	0	0	0	27.9	0.53	9.32	36	1.82	10.7
3350	2	1	22	0	1	3000	0	1	1	0	0	6	0	1	0.34	2	1	0	0	0	0	12.6	0.27	4.21	12.5	1.17	3.8
3355	1	2	62	1	1	26000	1	1	1	0	1	8	1	0	0.68	0	1	0	0	1	0	17.9	0.4	5.98	28.1	1.78	3.8
3356	1	2	26	0	0	20000	1	1	3	1	0	1	0	1	0.1	5	0	1	0	0	0	27.4	0.45	9.15	27.17	2.25	12.1
3360	2	1	55	1	0	4000	0	1	1	0	0	6	0	1	1	2	1	0	0	0	0	13.1	0.38	4.38	14.7	1.33	3.8
3369	2	1	29	0	1	10000	1	1	2	1	0	8	1	0	0	5	0	1	0	0	0	17.6	0.4	5.88	23.71	2.02	3.8
3374	1	2	45	0	1	28000	1	1	1	0	0	2	0	1	0	0	1	0	1	0	0	18.5	0.32	6.18	21.1	1.7	6.7
3377	1	1	23	0	0	10000	1	1	1	0	1	6	0	1	0.73	5	0	1	0	0	0	16.2	0.38	5.41	17.3	1.45	3.8
3379	2	1	29	0	0	4000	0	1	1	0	0	8	1	0	1	0	1	0	0	0	1	13.1	0.38	4.38	14.7	1.33	3.8
3383	1	1	21	0	0	2000	0	1	2	1	1	1	0	1	0	5	0	1	1	0	0	12.3	0.33	4.11	20.7	1.38	7.5
3389	2	2	24	0	0	3000	0	1	1	0	0	8	1	0	0	5	0	1	0	0	0	50.3	0.9	16.8	54.8	3.57	21.5
3391	1	2	28	0	1	14000	1	1	3	1	0	8	1	0	0.43	2	1	0	0	0	0	20.4	0.45	6.81	22.2	1.9	3.8
3398	1	2	25	0	0	4000	0	1	2	1	0	2	0	1	0	5	0	1	0	0	0	15.9	0.35	5.31	21.8	1.87	3.8
3406	1	2	29	0	1	20000	1	1	3	1	1	8	1	0	0	2	1	0	0	0	0	17.6	0.4	5.88	23.71	2.02	3.8
3409	2	1	21	0	0	14000	1	1	2	1	1	1	0	1	1	5	0	1	0	0	0	13.1	0.38	4.38	14.7	1.33	3.8
3411	2	2	34	0	0	8000	1	1	1	0	0	8	1	0	0	0	1	0	0	1	0	64.88	1.03	21.67	75.19	4	27
3418	2	1	23	0	0	4000	0	1	1	0	0	2	0	1	0	5	0	1	0	0	0	15.9	0.35	5.31	21.8	1.87	3.8
3419	1	1	22	0	1	12000	1	1	2	1	0	8	1	0	0.78	5	0	1	0	0	0	20.4	0.4	6.81	20	1.77	9.3
3420	1	1	22	0	0	7000	0	1	1	0	0	6	0	1	1	5	0	1	0	0	0	9.1	0.2	3.04	11	1.1	16.6
3426	2	1	56	1	0	5000	0	1	1	0	0	2	0	1	0.78	0	1	0	0	1	0	20.4	0.4	6.81	20	1.77	9.3
3427	2	1	23	0	0	2000	0	1	2	1	1	6	0	1	0	3	0	0	0	0	0	12.3	0.33	4.11	20.7	1.38	7.5
3431	2	1	19	0	0	12000	1	1	2	1	0	8	1	0	1	5	0	1	0	0	0	12.4	0.4	4.14	14.82	1.58	3.8
3440	1	2	27	0	0	7000	0	1	2	1	1	2	0	1	0.76	0	1	0	0	1	0	11.6	0.28	3.87	13.4	1.15	3.8
3444	1	2	26	0	0	7000	0	1	1	0	0	6	0	1	0.73	0	1	0	0	1	0	16.2	0.38	5.41	17.3	1.45	3.8
3447	1	2	34	0	1	14000	1	1	2	1	0	2	0	1	0.78	3	0	0	0	0	0	20.4	0.4	6.81	20	1.77	9.3
3461	2	1	25	0	1	12000	1	1	1	0	1	7	0	0	1	2	1	0	0	0	0	8.4	0.25	2.81	9.7	1.02	3.8
3471	2	2	37	0	0	4000	0	1	1	0	0	2	0	1	0.27	5	0	1	0	0	0	14.7	0.38	4.91	14.9	1.65	11.4
3473	1	1	29	0	1	20000	1	1	2	1	0	8	1	0	0	0	1	0	0	1	0	17.9	0.42	5.98	22.34	1.9	3.8
3478	1	2	26	0	1	20000	1	1	1	0	0	8	1	0	0.37	5	0	1	0	0	0	14.2	0.33	4.74	15.9	1.38	3.8
3480	2	1	21	0	1	3000	0	1	1	0	1	11	0	0	0.24	2	1	0	0	0	0	27	0.48	9.02	27.5	2.35	3.8
3485	1	2	30	0	0	10000	1	1	1	0	1	8	1	0	0.84	3	0	0	0	0	0	9.3	0.23	3.11	9.8	1.02	3.8
3488	2	1	20	0	0	4000	0	1	1	0	0	8	1	0	1	5	0	1	0	0	0	13.1	0.38	4.38	14.7	1.33	3.8
3490	2	1	25	0	1	10000	1	1	2	1	0	8	1	0	0.73	5	0	1	0	0	0	16.2	0.38	5.41	17.3	1.45	3.8
3491	1	2	27	0	1	3000	0	1	1	0	0	8	1	0	0.67	5	0	1	1	0	0	21.1	0.4	7.05	21	1.38	7.5
3494	1	1	49	1	1	10000	1	1	1	0	1	2	0	1	1	5	0	1	1	0	0	5.1	0.17	1.7	8	0.83	3.8
3497	1	1	22	0	1	16000	1	1	2	1	0	11	0	0	1	2	1	0	0	0	0	13.1	0.38	4.38	14.7	1.33	3.8
3501	1	2	38	0	1	6000	0	1	2	1	0	1	0	1	1	5	0	1	0	0	0	13.1	0.38	4.38	14.7	1.33	3.8
3504	2	1	20	0	1	4000	0	1	1	0	0	8	1	0	0.73	5	0	1	0	0	0	16.2	0.38	5.41	17.3	1.45	3.8
3505	2	1	51	1	1	4000	0	1	1	0	1	11	0	0	0.98	3	0	0	0	0	0	22.3	0.43	7.45	23.7	1.48	7
3513	1	1	25	0	0	10000	1	1	2	1	1	6	0	1	0.77	1	1	0	0	0	0	14.2	0.3	4.74	15.8	1.37	3.8
3519	1	2	24	0	1	4000	0	1	1	0	0	8	1	0	0	5	0	1	0	0	0	28.1	0.6	9.39	38.7	1.87	10.7
3532	2	1	24	0	0	8000	1	1	1	0	0	6	0	1	0.37	2	1	0	0	0	0	14.2	0.33	4.74	15.9	1.38	3.8
3533	2	1	21	0	0	2000	0	1	1	0	0	2	0	1	0	5	0	1	1	0	0	27	0.52	9.02	31.5	2.7	14.2
3540	2	1	27	0	1	4000	0	1	1	0	1	11	0	0	1	5	0	1	0	0	0	10.7	0.23	3.57	12.9	1.28	16.59
3542	1	2	50	1	0	14000	1	1	2	1	0	8	1	0	0.34	2	1	0	0	0	0	12.6	0.27	4.21	12.5	1.17	3.8
3543	1	2	53	1	1	5000	0	1	1	0	0	8	1	0	0	3	0	0	0	0	0	53.3	1.07	17.8	71.2	6.62	22.1
3555	2	2	24	0	0	5000	0	1	1	0	0	7	0	0	0.68	5	0	1	0	0	0	17.9	0.4	5.98	28.1	1.78	3.8
3556	1	1	22	0	0	5000	0	1	2	1	0	6	0	1	0	5	0	1	1	0	0	13.5	0.4	4.51	16.4	1.63	3.8
3558	2	1	24	0	0	10000	1	1	1	0	0	11	0	0	0	2	1	0	1	0	0	27	0.52	9.02	31.5	2.7	14.2
3565	1	2	31	0	1	10000	1	1	1	0	0	7	0	0	0	0	1	0	0	0	1	14.9	0.33	4.98	18.9	1.32	12.4
3567	2	1	23	0	1	20000	1	1	1	0	1	8	1	0	0.59	5	0	1	0	0	0	14.7	0.33	4.91	12.3	1.25	3.8
3571	1	1	25	0	1	35000	1	1	4	1	0	8	1	0	0.99	5	0	1	0	0	0	13.8	0.4	4.61	17.5	1.83	16.59
3574	1	1	22	0	1	7000	0	1	3	1	0	8	1	0	1	5	0	1	0	0	0	11.9	0.32	3.97	14.6	1.45	16.6
3583	1	1	25	0	1	10000	1	1	2	1	0	2	0	1	0.59	5	0	1	0	0	0	14.7	0.33	4.91	12.3	1.25	3.8
3589	2	2	26	0	0	5000	0	1	1	0	0	2	0	1	0.68	5	0	1	0	0	0	17.9	0.4	5.98	28.1	1.78	3.8
3591	2	1	24	0	1	4000	0	1	1	0	0	8	1	0	0.43	5	0	1	0	0	0	20.4	0.45	6.81	22.2	1.9	3.8
3593	1	2	27	0	0	10000	1	1	2	1	0	1	0	1	0	0	1	0	0	1	0	18.5	0.32	6.18	21.1	1.7	6.7
3601	2	1	20	0	1	2000	0	1	1	0	1	6	0	1	1	0	1	0	1	0	0	4.4	0.15	1.47	4.9	0.57	3.8
3603	1	2	37	0	0	35000	1	1	2	1	0	9	0	0	0.1	4	0	1	0	0	0	27.4	0.45	9.15	27.17	2.25	12.1
3606	1	1	25	0	0	20000	1	1	2	1	0	6	0	1	0.77	3	0	0	0	0	0	14.2	0.3	4.74	15.8	1.37	3.8
3613	1	2	25	0	1	10000	1	1	1	0	1	8	1	0	1	5	0	1	0	0	0	13.1	0.38	4.38	14.7	1.33	3.8
3619	1	2	28	0	0	5000	0	1	2	1	0	2	0	1	0.43	5	0	1	0	0	0	20.4	0.45	6.81	22.2	1.9	3.8
3625	1	1	20	0	0	16000	1	1	1	0	0	8	1	0	1	5	0	1	0	0	0	13.1	0.38	4.38	14.7	1.33	3.8
3634	2	1	31	0	0	5000	0	1	1	0	0	6	0	1	0.96	4	0	1	0	0	0	9.7	0.25	3.24	11.8	1.23	3.8
3637	2	1	20	0	0	9000	1	1	1	0	0	6	0	1	0	5	0	1	0	0	0	33.9	0.68	11.32	32.8	2.95	3.8
3644	2	1	23	0	0	10000	1	1	2	1	0	2	0	1	0.99	4	0	1	0	0	0	16.1	0.37	5.38	16	1.23	7.5
3649	2	2	28	0	0	10000	1	1	1	0	0	8	1	0	1	5	0	1	0	0	0	13.1	0.38	4.38	14.7	1.33	3.8
3659	1	1	25	0	0	35000	1	1	3	1	0	8	1	0	0.1	5	0	1	1	0	0	27.4	0.45	9.15	27.17	2.25	12.1
3664	1	2	29	0	1	5000	0	1	1	0	1	8	1	0	0.99	1	1	0	1	0	0	5.8	0.12	1.94	7.7	0.8	3.8
3669	2	1	20	0	1	20000	1	1	2	1	1	8	1	0	1	5	0	1	0	0	0	13.1	0.38	4.38	14.7	1.33	3.8
3678	2	2	27	0	0	16000	1	1	1	0	0	8	1	0	0.37	5	0	1	0	0	0	14.2	0.33	4.74	15.9	1.38	3.8
3679	2	1	19	0	0	3000	0	1	2	1	0	2	0	1	0	3	0	0	0	0	0	18.5	0.32	6.18	21.1	1.7	6.7
3680	2	1	20	0	0	3000	0	1	1	0	0	8	1	0	0	4	0	1	0	0	0	28.1	0.6	9.39	38.7	1.87	10.7
3684	2	1	19	0	0	4000	0	1	2	1	0	6	0	1	0	5	0	1	0	0	0	31.7	0.57	10.59	46.2	2.23	10.7
3685	2	1	24	0	0	2000	0	1	1	0	0	8	1	0	0.67	5	0	1	0	0	0	21.1	0.4	7.05	21	1.38	7.5
3689	2	1	45	0	0	10000	1	1	1	0	0	6	0	1	0.73	3	0	0	0	0	0	16.2	0.38	5.41	17.3	1.45	3.8
3698	2	2	23	0	0	10000	1	1	1	0	0	11	0	0	0.1	3	0	0	0	0	0	27.4	0.45	9.15	27.17	2.25	12.1
3699	2	1	21	0	0	10000	1	1	1	0	0	6	0	1	0	5	0	1	0	0	0	31.7	0.57	10.59	46.2	2.23	10.7
3701	2	1	21	0	1	7000	0	1	1	0	0	1	0	1	0.52	5	0	1	0	0	0	11.4	0.25	3.81	11	0.9	7
3707	2	1	20	0	1	6000	0	1	1	0	0	2	0	1	0.43	5	0	1	0	0	0	20.4	0.45	6.81	22.2	1.9	3.8
3711	1	2	26	0	0	20000	1	1	2	1	0	8	1	0	1	5	0	1	0	0	0	13.1	0.38	4.38	14.7	1.33	3.8
3712	1	2	32	0	1	12000	1	1	3	1	0	8	1	0	0.18	5	0	1	0	0	0	43.6	0.78	14.56	42.7	2	7
3718	2	2	25	0	0	7000	0	1	2	1	0	8	1	0	0	2	1	0	0	0	0	36	0.63	12.02	38.4	3.57	29.9
3720	2	1	20	0	1	6000	0	1	2	1	0	8	1	0	1	5	0	1	0	0	0	16	0.38	5.34	17.7	1.3	7
3723	2	1	53	1	0	7000	0	1	1	0	1	8	1	0	0	5	0	1	0	0	0	18.5	0.32	6.18	21.1	1.7	6.7
3725	2	1	20	0	0	2000	0	1	2	1	0	2	0	1	0	0	1	0	0	1	0	36.7	0.7	12.26	55.8	5	29.8
3728	1	1	27	0	0	6000	0	1	1	0	0	6	0	1	0.16	1	1	0	0	0	0	11.8	0.33	3.94	15.7	1.57	9.3
3738	2	1	27	0	1	2000	0	1	1	0	0	8	1	0	0	5	0	1	0	0	0	76.5	1	25.55	82.9	6.97	21.3
3745	2	1	22	0	0	14000	1	1	1	0	0	8	1	0	0.48	5	0	1	0	0	0	14.2	0.33	4.74	16.26	1.45	3.8
3754	1	1	28	0	1	2000	0	1	1	0	0	11	0	0	1	5	0	1	0	0	0	14	0.32	4.68	17.4	1.58	5.4
3761	2	1	19	0	1	16000	1	1	3	1	0	8	1	0	0.43	2	1	0	0	0	0	20.4	0.45	6.81	22.2	1.9	3.8
3763	2	1	22	0	0	1000	0	1	1	0	0	2	0	1	0.27	5	0	1	0	0	0	14.7	0.38	4.91	14.9	1.65	11.4
3777	2	1	20	0	0	3000	0	1	1	0	1	6	0	1	0.24	3	0	0	1	0	0	17.9	0.32	5.98	20.3	1.5	7.5
3778	2	1	25	0	1	10000	1	1	2	1	0	6	0	1	0.43	2	1	0	0	0	0	20.4	0.45	6.81	22.2	1.9	3.8
3779	1	1	22	0	0	10000	1	1	2	1	0	8	1	0	0	5	0	1	0	0	0	17.6	0.4	5.88	23.71	2.02	3.8
3784	2	2	24	0	0	4000	0	1	1	0	0	2	0	1	0.25	5	0	1	0	0	0	14.8	0.3	4.94	15.4	1.22	7
3788	1	2	33	0	1	6000	0	1	2	1	1	1	0	1	0	1	1	0	0	0	0	27	0.52	9.02	31.5	2.7	14.2
3791	1	1	20	0	1	30000	1	1	3	1	0	8	1	0	0	5	0	1	0	0	0	14.2	0.27	4.74	19	1.58	3.8
3792	1	2	25	0	0	12000	1	1	2	1	0	2	0	1	0.76	4	0	1	0	0	0	11.6	0.28	3.87	13.4	1.15	3.8
3794	2	2	27	0	0	10000	1	1	1	0	0	8	1	0	1	5	0	1	0	0	0	12.3	0.25	4.11	14.88	1.4	3.8
3799	2	2	33	0	0	8000	1	1	1	0	0	1	0	1	1	5	0	1	0	0	0	13.1	0.38	4.38	14.7	1.33	3.8
3801	2	1	28	0	1	2000	0	1	2	1	0	1	0	1	0	2	1	0	0	0	0	18.5	0.32	6.18	21.1	1.7	6.7
3806	2	2	30	0	1	3000	0	1	1	0	0	8	1	0	0.32	5	0	1	0	0	0	13.5	0.28	4.51	14.73	1.68	3.8
3811	2	1	23	0	1	4000	0	1	1	0	1	11	0	0	1	0	1	0	0	1	0	10.1	0.28	3.37	12.1	1.28	11.85
3819	2	1	23	0	1	3000	0	1	1	0	0	2	0	1	0.52	5	0	1	0	0	0	11.4	0.25	3.81	11	0.9	7
3826	2	1	30	0	0	3000	0	1	1	0	0	2	0	1	0	5	0	1	0	0	0	50.4	0.75	16.83	65	6.32	28.45
3830	1	1	25	0	1	14000	1	1	1	0	1	1	0	1	0.32	5	0	1	0	0	0	14.3	0.42	4.78	18.74	1.38	3.8
3836	2	1	23	0	1	1000	0	1	1	0	0	6	0	1	0.72	5	0	1	0	0	0	12.4	0.25	4.14	21.1	1.37	10.7
3847	2	1	59	1	0	4000	0	1	1	0	0	6	0	1	0.58	5	0	1	0	0	0	19.2	0.33	6.41	17.6	1.75	13.8
3849	2	1	24	0	1	1000	0	1	1	0	0	6	0	1	0.27	2	1	0	0	0	0	27.5	0.53	9.19	37.1	1.7	10.7
3854	1	2	26	0	0	5000	0	1	2	1	0	2	0	1	0.1	5	0	1	0	0	0	22.8	0.45	7.62	22.7	2.08	10.5
3857	2	2	25	0	0	2000	0	1	1	0	0	2	0	1	0	4	0	1	0	0	0	31.7	0.57	10.59	46.2	2.23	10.7
3858	1	2	34	0	0	10000	1	1	1	0	0	2	0	1	1	5	0	1	0	0	0	5.1	0.17	1.7	8	0.83	3.8
3860	1	2	39	0	1	7000	0	1	1	0	0	8	1	0	0.99	5	0	1	0	0	0	7.1	0.17	2.37	10.9	0.93	3.8
3861	1	2	25	0	0	9000	1	1	2	1	0	2	0	1	0.76	0	1	0	0	1	0	11.6	0.28	3.87	13.4	1.15	3.8
3864	1	2	28	0	1	4000	0	1	1	0	0	8	1	0	1	5	0	1	0	0	0	10.7	0.28	3.57	12.4	1.22	18.7
3871	1	2	26	0	0	5000	0	1	1	0	0	8	1	0	1	5	0	1	0	0	0	10.7	0.28	3.57	12.4	1.22	18.7
3881	2	1	19	0	1	20000	1	1	1	0	0	8	1	0	0.77	4	0	1	0	0	0	14.2	0.3	4.74	15.8	1.37	3.8
3889	1	2	28	0	1	5000	0	1	1	0	1	11	0	0	0.68	3	0	0	0	0	0	17.9	0.4	5.98	28.1	1.78	3.8
3893	2	2	23	0	1	10000	1	1	1	0	0	8	1	0	0.14	5	0	1	0	0	0	13.3	0.37	4.44	17	1.65	9.3
3895	1	1	22	0	0	16000	1	1	4	1	1	8	1	0	0	3	0	0	0	0	0	17.4	0.4	5.81	22.9	1.97	3.8
3906	1	2	36	0	1	14000	1	1	2	1	1	2	0	1	0	1	1	0	0	0	0	36	0.63	12.02	38.4	3.57	29.9
3909	2	1	24	0	0	2000	0	1	1	0	1	6	0	1	1	5	0	1	0	0	0	10.7	0.23	3.57	12.9	1.28	16.59
3919	2	1	19	0	1	7000	0	1	1	0	0	8	1	0	0.68	5	0	1	0	0	0	17.9	0.4	5.98	28.1	1.78	3.8
3921	1	1	21	0	1	4000	0	1	2	1	1	2	0	1	1	5	0	1	0	0	0	7.4	0.17	2.47	9	0.83	3.8
3930	2	1	26	0	0	7000	0	1	1	0	1	8	1	0	0.1	5	0	1	0	0	0	27.4	0.45	9.15	27.17	2.25	12.1
3934	2	1	20	0	0	4000	0	1	1	0	0	6	0	1	0.65	5	0	1	0	0	0	19.7	0.42	6.58	22.6	1.67	10.8
3935	1	2	34	0	1	14000	1	1	1	0	1	6	0	1	0.48	3	0	0	0	0	0	14.2	0.33	4.74	16.26	1.45	3.8
3948	1	1	21	0	1	2000	0	1	1	0	0	8	1	0	0.01	5	0	1	0	0	0	21.2	0.45	7.08	21	1.33	7
3950	1	2	29	0	0	14000	1	1	1	0	0	8	1	0	0.34	3	0	0	0	0	0	12.6	0.27	4.21	12.5	1.17	3.8
3953	2	1	24	0	0	4000	0	1	1	0	0	2	0	1	0	5	0	1	0	0	0	27	0.52	9.02	31.5	2.7	14.2
3957	1	1	24	0	1	10000	1	1	2	1	0	8	1	0	0.76	5	0	1	0	0	0	11.6	0.28	3.87	13.4	1.15	3.8
3960	2	1	24	0	1	35000	1	1	2	1	1	2	0	1	0.16	5	0	1	0	0	0	11.8	0.33	3.94	15.7	1.57	9.3
3961	2	1	22	0	0	5000	0	1	1	0	0	2	0	1	0	5	0	1	0	0	0	66.8	0.87	22.31	75.4	6.23	13.3
3966	2	1	29	0	0	1000	0	1	1	0	0	6	0	1	0	4	0	1	0	0	0	31.7	0.57	10.59	46.2	2.23	10.7
3969	2	1	24	0	0	20000	1	1	1	0	0	6	0	1	1	5	0	1	0	0	0	9.1	0.2	3.04	11	1.1	16.6
3974	2	1	18	0	0	4000	0	1	1	0	0	6	0	1	0	5	0	1	0	0	0	56.74	0.98	18.95	61.6	2.5	7
3980	2	1	22	0	0	10000	1	1	2	1	0	2	0	1	0.1	5	0	1	0	0	0	27.4	0.45	9.15	27.17	2.25	12.1
3984	1	2	32	0	0	7000	0	1	2	1	1	8	1	0	1	0	1	0	0	1	0	13.1	0.38	4.38	14.7	1.33	3.8
3988	2	1	21	0	0	2000	0	1	1	0	1	2	0	1	1	5	0	1	0	0	0	8.6	0.25	2.87	12.6	1.28	3.8
3989	1	1	24	0	0	20000	1	1	3	1	0	2	0	1	0.1	5	0	1	0	0	0	27.4	0.45	9.15	27.17	2.25	12.1
3996	2	1	21	0	0	10000	1	1	1	0	1	6	0	1	0.16	2	1	0	0	0	0	11.8	0.33	3.94	15.7	1.57	9.3
4001	1	1	32	0	0	7000	0	1	3	1	1	6	0	1	1	1	1	0	0	0	0	11.83	0.2	3.95	16.57	1.6	7
4009	2	1	34	0	1	3000	0	1	1	0	1	2	0	1	0	4	0	1	0	0	0	31.7	0.57	10.59	46.2	2.23	10.7
4013	1	1	23	0	0	14000	1	1	4	1	0	2	0	1	0.24	5	0	1	0	0	0	27	0.48	9.02	27.5	2.35	3.8
4017	2	2	27	0	1	4000	0	1	1	0	0	6	0	1	0.18	4	0	1	0	0	0	43.6	0.78	14.56	42.7	2	7
4022	2	1	20	0	0	3000	0	1	2	1	0	2	0	1	0.01	5	0	1	0	0	0	21.2	0.45	7.08	21	1.33	7
4024	2	1	19	0	1	10000	1	1	2	1	0	8	1	0	0.85	5	0	1	0	0	0	18.9	0.43	6.31	20.1	1.45	10.8
4026	2	1	22	0	0	4000	0	1	1	0	0	8	1	0	0.1	3	0	0	0	0	0	27.4	0.45	9.15	27.17	2.25	12.1
4027	2	2	28	0	0	4000	0	1	1	0	1	11	0	0	1	0	1	0	0	0	1	13.3	0.3	4.44	15.8	1.57	11.85
4028	2	1	27	0	0	4000	0	1	1	0	0	6	0	1	0.37	5	0	1	0	0	0	14.2	0.33	4.74	15.9	1.38	3.8
4034	2	1	23	0	0	6000	0	1	1	0	0	2	0	1	0.59	5	0	1	0	0	0	14.7	0.33	4.91	12.3	1.25	3.8
4048	2	1	18	0	0	35000	1	1	1	0	0	2	0	1	0	5	0	1	0	0	0	18.5	0.32	6.18	21.1	1.7	6.7
4051	2	1	24	0	0	3000	0	1	1	0	1	2	0	1	0	5	0	1	1	0	0	26.2	0.52	8.75	31.4	1.42	7
4052	1	2	25	0	0	16000	1	1	3	1	0	2	0	1	0.73	5	0	1	0	0	0	16.2	0.38	5.41	17.3	1.45	3.8
4053	2	1	22	0	0	10000	1	1	2	1	0	2	0	1	1	1	1	0	0	0	0	13.1	0.38	4.38	14.7	1.33	3.8
4059	2	1	23	0	1	16000	1	1	1	0	0	8	1	0	0	5	0	1	0	0	0	17.4	0.4	5.81	22.9	1.97	3.8
4060	1	2	27	0	0	5000	0	1	3	1	0	2	0	1	0.68	5	0	1	0	0	0	17.9	0.4	5.98	28.1	1.78	3.8
4061	2	1	21	0	0	6000	0	1	1	0	1	2	0	1	0	4	0	1	0	0	0	12.3	0.33	4.11	20.7	1.38	7.5
4080	2	1	19	0	0	28000	1	1	1	0	1	8	1	0	0.73	5	0	1	0	0	0	16.2	0.38	5.41	17.3	1.45	3.8
4087	2	1	32	0	1	3000	0	1	1	0	1	2	0	1	0	3	0	0	0	0	0	28.1	0.6	9.39	38.7	1.87	10.7
4093	2	1	22	0	0	5000	0	1	1	0	0	6	0	1	0	4	0	1	0	0	0	36	0.63	12.02	38.4	3.57	29.9
4099	1	2	51	1	0	8000	1	1	1	0	0	11	0	0	1	4	0	1	0	0	0	13.1	0.38	4.38	14.7	1.33	3.8
4102	2	1	22	0	0	9000	1	1	2	1	0	8	1	0	0.37	5	0	1	0	0	0	18	0.32	6.01	19.9	1.68	3.8
4104	2	1	21	0	0	12000	1	1	2	1	0	2	0	1	0.84	5	0	1	0	0	0	9.3	0.23	3.11	9.8	1.02	3.8
4106	2	1	29	0	0	14000	1	1	2	1	0	8	1	0	0.37	5	0	1	0	0	0	18	0.32	6.01	19.9	1.68	3.8
4113	2	1	20	0	1	3000	0	1	1	0	0	2	0	1	0.24	5	0	1	0	0	0	27	0.48	9.02	27.5	2.35	3.8
4125	1	2	29	0	0	5000	0	1	1	0	1	6	0	1	0.53	1	1	0	0	0	0	8.2	0.2	2.74	10.13	1.1	3.8
4126	1	2	55	1	1	35000	1	1	2	1	0	8	1	0	0.78	0	1	0	0	1	0	20.4	0.4	6.81	20	1.77	9.3
4137	2	1	37	0	1	4000	0	1	1	0	0	2	0	1	0.39	0	1	0	0	0	1	31.2	0.58	10.42	41.1	1.88	10.7
4138	2	1	25	0	0	7000	0	1	1	0	1	11	0	0	0.76	4	0	1	0	0	0	11.6	0.28	3.87	13.4	1.15	3.8
4141	1	1	37	0	1	7000	0	1	1	0	1	1	0	1	0.73	3	0	0	0	0	0	16.2	0.38	5.41	17.3	1.45	3.8
4145	2	1	22	0	0	3000	0	1	2	1	0	1	0	1	0	5	0	1	0	0	0	19.7	0.5	6.58	21.79	2.1	17.8
4147	2	1	19	0	1	9000	1	1	1	0	0	8	1	0	0	4	0	1	0	0	0	14.2	0.27	4.74	19	1.58	3.8
4148	2	1	20	0	1	5000	0	1	1	0	1	11	0	0	0	0	1	0	0	1	0	41.5	0.83	13.86	51.1	4.6	29.8
4150	2	2	29	0	1	14000	1	1	1	0	1	8	1	0	0.16	0	1	0	0	0	1	11.8	0.33	3.94	15.7	1.57	9.3
4151	2	1	21	0	1	3000	0	1	1	0	0	8	1	0	1	5	0	1	0	0	0	5.1	0.17	1.7	8	0.83	3.8
4157	1	2	28	0	0	12000	1	1	2	1	0	2	0	1	0.34	5	0	1	0	0	0	12.6	0.27	4.21	12.5	1.17	3.8
4159	2	2	35	0	1	5000	0	1	2	1	1	11	0	0	0	0	1	0	0	1	0	18.5	0.32	6.18	21.1	1.7	6.7
4161	1	2	33	0	1	20000	1	1	1	0	1	8	1	0	1	2	1	0	0	0	0	13.1	0.38	4.38	14.7	1.33	3.8
4163	2	1	27	0	0	1000	0	1	1	0	1	6	0	1	0.39	2	1	0	0	0	0	31.2	0.58	10.42	41.1	1.88	10.7
4167	2	1	42	0	0	3000	0	1	1	0	0	2	0	1	0	4	0	1	0	0	0	14.9	0.33	4.98	18.9	1.32	12.4
4169	1	2	32	0	0	9000	1	1	1	0	0	11	0	0	1	1	1	0	0	0	0	5.5	0.18	1.84	6.4	0.67	3.8
4170	2	1	19	0	0	1000	0	1	2	1	1	11	0	0	1	5	0	1	0	0	0	11.9	0.32	3.97	14.6	1.45	16.6
4178	2	2	27	0	0	6000	0	1	1	0	0	6	0	1	1	5	0	1	0	0	0	9.1	0.2	3.04	11	1.1	16.6
4182	1	1	21	0	0	4000	0	1	1	0	0	2	0	1	0.73	5	0	1	0	0	0	11.8	0.25	3.94	12.1	1.12	7
4184	2	1	22	0	0	10000	1	1	2	1	1	8	1	0	0.68	5	0	1	0	0	0	17.9	0.4	5.98	28.1	1.78	3.8
4185	1	1	58	1	0	14000	1	1	3	1	0	8	1	0	1	2	1	0	0	0	0	9.1	0.2	3.04	11	1.1	16.6
4191	2	1	19	0	1	20000	1	1	1	0	0	8	1	0	0.28	4	0	1	0	0	0	16.5	0.37	5.51	18.9	1.62	3.8
4200	2	1	19	0	1	4000	0	1	1	0	0	2	0	1	1	5	0	1	0	0	0	13.1	0.38	4.38	14.7	1.33	3.8
4206	2	1	21	0	0	8000	1	1	3	1	1	1	0	1	0.43	4	0	1	0	0	0	20.4	0.45	6.81	22.2	1.9	3.8
4208	1	1	21	0	0	7000	0	1	2	1	0	9	0	0	1	5	0	1	0	0	0	10.7	0.28	3.57	12.4	1.22	18.7
4216	2	1	22	0	1	4000	0	1	1	0	1	1	0	1	0	5	0	1	0	0	0	36	0.63	12.02	38.4	3.57	29.9
4220	2	1	21	0	1	10000	1	1	1	0	0	8	1	0	0	4	0	1	0	0	0	14.9	0.33	4.98	18.9	1.32	12.4
4235	1	1	19	0	1	30000	1	1	4	1	0	6	0	1	0	5	0	1	0	0	0	17.6	0.4	5.88	23.71	2.02	3.8
4236	2	1	24	0	1	4000	0	1	1	0	0	2	0	1	0.18	4	0	1	0	0	0	43.6	0.78	14.56	42.7	2	7
4245	2	1	23	0	0	6000	0	1	1	0	1	2	0	1	0.58	5	0	1	1	0	0	19.2	0.33	6.41	17.6	1.75	13.8
4249	2	1	21	0	1	7000	0	1	1	0	0	1	0	1	0	5	0	1	0	0	0	53.4	0.77	17.84	55.7	4.45	28.45
4251	1	1	58	1	1	4000	0	1	2	1	0	6	0	1	0	4	0	1	0	0	0	31.7	0.57	10.59	46.2	2.23	10.7
4255	1	2	28	0	0	20000	1	1	1	0	0	8	1	0	0	3	0	0	0	0	0	17.9	0.42	5.98	22.34	1.9	3.8
4258	1	1	23	0	1	22000	1	1	1	0	1	8	1	0	0.76	2	1	0	0	0	0	11.6	0.28	3.87	13.4	1.15	3.8
4269	2	2	28	0	1	3000	0	1	1	0	0	8	1	0	1	5	0	1	1	0	0	10.7	0.28	3.57	12.4	1.22	18.7
4270	1	2	64	1	1	35000	1	1	2	1	0	8	1	0	0.77	0	1	0	0	0	1	14.2	0.3	4.74	15.8	1.37	3.8
4271	1	2	38	0	0	6000	0	1	1	0	0	2	0	1	1	5	0	1	0	0	0	9.1	0.2	3.04	11	1.1	16.6
4272	1	1	32	0	1	3000	0	1	3	1	1	8	1	0	1	5	0	1	1	0	0	5.5	0.18	1.84	6.4	0.67	3.8
4277	2	1	26	0	1	3000	0	1	1	0	1	6	0	1	1	5	0	1	0	0	0	12.3	0.33	4.11	16.74	1.5	3.8
4279	2	1	30	0	1	9000	1	1	2	1	0	1	0	1	1	3	0	0	0	0	0	14	0.32	4.68	17.4	1.58	5.4
4294	2	1	18	0	1	12000	1	1	3	1	0	8	1	0	0.28	5	0	1	0	0	0	16.5	0.37	5.51	18.9	1.62	3.8
4296	2	1	32	0	1	3000	0	1	1	0	1	6	0	1	0.28	5	0	1	0	0	0	17	0.43	5.68	20.2	1.32	7
4301	1	2	26	0	1	26000	1	1	2	1	0	2	0	1	0	5	0	1	1	0	0	18.5	0.32	6.18	21.1	1.7	6.7
4302	2	1	20	0	1	3000	0	1	2	1	0	8	1	0	0	4	0	1	0	0	0	14.9	0.33	4.98	18.9	1.32	12.4
4304	2	1	21	0	1	12000	1	1	3	1	0	8	1	0	1	4	0	1	0	0	0	11.4	0.3	3.81	14	1.32	22.7
4306	1	2	36	0	0	10000	1	1	1	0	1	8	1	0	1	5	0	1	0	0	0	13.1	0.38	4.38	14.7	1.33	3.8
4311	2	1	34	0	0	3000	0	1	1	0	1	6	0	1	0	4	0	1	0	0	0	27	0.52	9.02	31.5	2.7	14.2
4319	1	1	25	0	1	10000	1	1	3	1	0	8	1	0	0	4	0	1	0	0	0	13.5	0.4	4.51	16.4	1.63	3.8
4326	2	1	25	0	1	4000	0	1	1	0	1	6	0	1	0.26	5	0	1	0	0	0	29.2	0.6	9.75	39.2	1.78	10.7
4327	1	2	51	1	0	14000	1	1	2	1	0	8	1	0	0	2	1	0	0	0	0	36	0.63	12.02	38.4	3.57	29.9
4329	2	1	19	0	0	6000	0	1	2	1	0	8	1	0	0.14	5	0	1	0	0	0	13.3	0.37	4.44	17	1.65	9.3
4336	2	1	19	0	1	10000	1	1	1	0	0	8	1	0	0.77	5	0	1	0	0	0	14.2	0.3	4.74	15.8	1.37	3.8
4345	1	2	27	0	0	5000	0	1	1	0	1	2	0	1	0.84	5	0	1	0	0	0	9.3	0.23	3.11	9.8	1.02	3.8
4348	2	1	24	0	1	20000	1	1	2	1	1	6	0	1	1	3	0	0	0	0	0	13.1	0.38	4.38	14.7	1.33	3.8
4352	2	1	22	0	0	10000	1	1	1	0	1	1	0	1	0.84	5	0	1	0	0	0	9.3	0.23	3.11	9.8	1.02	3.8
4372	2	2	35	0	0	5000	0	1	1	0	0	2	0	1	0.76	3	0	0	0	0	0	11.6	0.28	3.87	13.4	1.15	3.8
4382	2	1	24	0	0	12000	1	1	1	0	1	6	0	1	0.37	5	0	1	0	0	0	18	0.32	6.01	19.9	1.68	3.8
4383	2	2	28	0	0	3000	0	1	1	0	0	2	0	1	0.94	5	0	1	0	0	0	18.2	0.45	6.08	20.1	1.72	3.8
4395	2	1	24	0	1	1000	0	1	1	0	0	2	0	1	0	5	0	1	0	0	0	52.1	0.93	17.4	46.5	2.08	7
4396	1	1	22	0	0	6000	0	1	1	0	0	2	0	1	1	5	0	1	0	0	0	1	0.07	0.33	1	0.17	0
4402	2	1	24	0	0	5000	0	1	1	0	0	8	1	0	0.16	5	0	1	0	0	0	11.8	0.33	3.94	15.7	1.57	9.3
4406	1	2	42	0	1	6000	0	1	1	0	1	8	1	0	1	1	1	0	0	0	0	13.1	0.38	4.38	14.7	1.33	3.8
4408	2	1	21	0	0	16000	1	1	2	1	0	8	1	0	1	4	0	1	0	0	0	13.1	0.38	4.38	14.7	1.33	3.8
4410	1	1	57	1	1	10000	1	1	1	0	1	6	0	1	0.59	3	0	0	0	0	0	14.7	0.33	4.91	12.3	1.25	3.8
4411	2	1	24	0	0	2000	0	1	1	0	1	6	0	1	0.75	3	0	0	1	0	0	9.9	0.23	3.31	11.96	1.1	3.8
4414	2	1	26	0	0	5000	0	1	1	0	1	2	0	1	0.1	0	1	0	0	0	1	27.4	0.45	9.15	27.17	2.25	12.1
4420	1	2	33	0	1	3000	0	1	1	0	1	11	0	0	0.18	2	1	0	0	0	0	43.6	0.78	14.56	42.7	2	7
4429	1	2	28	0	0	10000	1	1	1	0	1	8	1	0	1	2	1	0	0	0	0	10.7	0.23	3.57	12.9	1.28	16.59
4430	2	1	19	0	0	5000	0	1	1	0	0	8	1	0	0.73	5	0	1	0	0	0	11.8	0.25	3.94	12.1	1.12	7
4433	2	2	27	0	0	10000	1	1	1	0	1	8	1	0	0.75	4	0	1	0	0	0	9.9	0.23	3.31	11.96	1.1	3.8
4435	2	2	26	0	1	2000	0	1	1	0	0	2	0	1	0.59	5	0	1	0	0	0	14.7	0.33	4.91	12.3	1.25	3.8
4438	2	1	19	0	0	12000	1	1	2	1	0	11	0	0	0	5	0	1	0	0	0	36	0.63	12.02	38.4	3.57	29.9
4439	2	1	28	0	0	10000	1	1	3	1	0	6	0	1	0	5	0	1	0	0	0	36	0.63	12.02	38.4	3.57	29.9
4444	1	1	22	0	0	16000	1	1	2	1	1	8	1	0	0.59	5	0	1	0	0	0	14.7	0.33	4.91	12.3	1.25	3.8
4448	1	1	23	0	1	14000	1	1	3	1	1	8	1	0	0.73	3	0	0	0	0	0	16.2	0.38	5.41	17.3	1.45	3.8
4459	2	1	18	0	0	6000	0	1	2	1	1	1	0	1	1	3	0	0	0	0	0	13.1	0.38	4.38	14.7	1.33	3.8
4461	2	1	25	0	1	16000	1	1	1	0	0	2	0	1	0	5	0	1	1	0	0	18.5	0.32	6.18	21.1	1.7	6.7
4470	2	2	30	0	1	12000	1	1	2	1	1	1	0	1	0	2	1	0	0	0	0	36	0.63	12.02	38.4	3.57	29.9
4472	2	2	24	0	1	5000	0	1	3	1	0	2	0	1	0.18	5	0	1	0	0	0	43.6	0.78	14.56	42.7	2	7
4477	2	1	20	0	1	3000	0	1	2	1	0	1	0	1	0	4	0	1	0	0	0	19.8	0.52	6.61	20.4	1.38	7
4478	2	1	22	0	0	9000	1	1	1	0	1	2	0	1	0.99	5	0	1	0	0	0	16.1	0.37	5.38	16	1.23	7.5
4479	1	2	53	1	0	14000	1	1	1	0	0	2	0	1	0.16	1	1	0	0	0	0	11.8	0.33	3.94	15.7	1.57	9.3
4486	1	1	59	1	1	2000	0	1	1	0	1	6	0	1	1	3	0	0	0	0	0	12.4	0.4	4.14	14.82	1.58	3.8
4491	2	1	22	0	1	3000	0	1	1	0	1	8	1	0	0	5	0	1	0	0	0	27	0.52	9.02	31.5	2.7	14.2
4500	2	1	28	0	0	2000	0	1	1	0	1	1	0	1	0	5	0	1	0	0	0	19.7	0.5	6.58	21.79	2.1	17.8
4501	2	2	36	0	0	7000	0	1	1	0	1	2	0	1	0.24	2	1	0	0	0	0	27	0.48	9.02	27.5	2.35	3.8
4502	1	2	30	0	1	5000	0	1	1	0	0	2	0	1	0.24	2	1	0	0	0	0	27	0.48	9.02	27.5	2.35	3.8
4509	1	1	51	1	1	4000	0	1	1	0	0	6	0	1	0.1	4	0	1	0	0	0	22.8	0.45	7.62	22.7	2.08	10.5
4512	1	2	40	0	1	14000	1	1	1	0	1	8	1	0	0.1	1	1	0	0	0	0	27.4	0.45	9.15	27.17	2.25	12.1
4518	1	1	25	0	1	16000	1	1	3	1	0	8	1	0	1	5	0	1	1	0	0	12.4	0.4	4.14	14.82	1.58	3.8
4524	2	2	32	0	0	5000	0	1	1	0	0	2	0	1	0.77	5	0	1	0	0	0	14.2	0.3	4.74	15.8	1.37	3.8
4529	1	2	29	0	0	12000	1	1	1	0	0	8	1	0	1	3	0	0	0	0	0	8.1	0.23	2.71	9.6	0.85	3.8
4532	2	1	20	0	1	5000	0	1	2	1	0	8	1	0	0.39	5	0	1	0	0	0	31.2	0.58	10.42	41.1	1.88	10.7
4536	1	1	23	0	0	35000	1	1	4	1	1	8	1	0	0.1	3	0	0	0	0	0	27.4	0.45	9.15	27.17	2.25	12.1
4541	2	1	25	0	0	12000	1	1	2	1	0	8	1	0	0	5	0	1	0	0	0	19.7	0.5	6.58	21.79	2.1	17.8
4542	2	2	26	0	0	18000	1	1	2	1	0	9	0	0	0	5	0	1	0	0	0	18.5	0.32	6.18	21.1	1.7	6.7
4544	2	1	23	0	0	10000	1	1	3	1	1	2	0	1	1	1	1	0	0	0	0	9.1	0.2	3.04	11	1.1	16.6
4554	2	1	21	0	0	5000	0	1	1	0	0	2	0	1	0.68	5	0	1	0	0	0	17.9	0.4	5.98	28.1	1.78	3.8
4557	2	1	21	0	0	3000	0	1	1	0	0	6	0	1	0	5	0	1	0	0	0	31.7	0.57	10.59	46.2	2.23	10.7
4560	2	1	21	0	0	24000	1	1	3	1	0	8	1	0	0	5	0	1	0	0	0	19.7	0.5	6.58	21.79	2.1	17.8
4563	2	1	21	0	0	2000	0	1	1	0	0	6	0	1	0	5	0	1	0	0	0	16.9	0.42	5.64	19.6	1.2	7
4566	2	1	26	0	1	2000	0	1	1	0	0	2	0	1	0	5	0	1	0	0	0	26.2	0.52	8.75	31.4	1.42	7
4577	2	2	25	0	1	18000	1	1	2	1	0	8	1	0	0	1	1	0	0	0	0	18.5	0.32	6.18	21.1	1.7	6.7
4579	2	1	21	0	0	2000	0	1	1	0	0	1	0	1	0.53	5	0	1	0	0	0	8.2	0.2	2.74	10.13	1.1	3.8
4584	2	1	21	0	1	2000	0	1	1	0	0	6	0	1	1	5	0	1	0	0	0	11.4	0.3	3.81	13.3	1.28	3.8
4588	1	1	25	0	1	3000	0	1	1	0	0	8	1	0	0	5	0	1	0	0	0	12.3	0.33	4.11	20.7	1.38	7.5
4596	2	2	34	0	0	4000	0	1	1	0	1	8	1	0	0.01	5	0	1	1	0	0	21.2	0.45	7.08	21	1.33	7
4602	2	1	21	0	0	4000	0	1	2	1	0	1	0	1	0.99	5	0	1	1	0	0	7.1	0.17	2.37	10.9	0.93	3.8
4607	2	2	26	0	0	7000	0	1	2	1	0	8	1	0	0	1	1	0	0	0	0	22.6	0.57	7.55	24.6	1.98	14.6
4608	1	2	48	1	1	12000	1	1	2	1	1	10	0	0	1	3	0	0	0	0	0	9.1	0.2	3.04	11	1.1	16.6
4612	2	1	24	0	1	20000	1	1	2	1	1	8	1	0	0.1	0	1	0	0	1	0	27.4	0.45	9.15	27.17	2.25	12.1
4615	2	2	28	0	1	7000	0	1	1	0	1	8	1	0	0.43	0	1	0	0	1	0	20.4	0.45	6.81	22.2	1.9	3.8
4618	1	1	22	0	1	10000	1	1	2	1	1	6	0	1	0	5	0	1	0	0	0	12.1	0.25	4.04	14.4	1.02	7
4620	1	1	57	1	1	2000	0	1	4	1	0	1	0	1	1	5	0	1	0	0	0	9.1	0.2	3.04	11	1.1	16.6
4621	1	2	27	0	0	3000	0	1	1	0	0	8	1	0	0.48	5	0	1	0	0	0	14.2	0.33	4.74	16.26	1.45	3.8
4628	2	1	25	0	0	18000	1	1	2	1	1	8	1	0	1	5	0	1	0	0	0	13.1	0.38	4.38	14.7	1.33	3.8
4632	2	2	38	0	1	22000	1	1	1	0	0	8	1	0	0.48	5	0	1	0	0	0	14.2	0.33	4.74	16.26	1.45	3.8
4633	2	1	48	1	0	6000	0	1	1	0	0	6	0	1	0	3	0	0	0	0	0	26.2	0.52	8.75	31.4	1.42	7
4636	2	2	45	0	1	6000	0	1	2	1	1	1	0	1	0	3	0	0	0	0	0	14.9	0.33	4.98	18.9	1.32	12.4
4638	2	1	20	0	0	6000	0	1	1	0	0	6	0	1	0.84	4	0	1	0	0	0	9.3	0.23	3.11	9.8	1.02	3.8
4649	2	1	22	0	0	4000	0	1	2	1	1	11	0	0	0.24	0	1	0	0	0	1	27	0.48	9.02	27.5	2.35	3.8
4650	1	2	42	0	1	8000	1	1	1	0	1	8	1	0	0	3	0	0	0	0	0	18.5	0.32	6.18	21.1	1.7	6.7
4654	2	2	28	0	0	6000	0	1	1	0	1	6	0	1	1	3	0	0	0	0	0	9.1	0.2	3.04	11	1.1	16.6
4661	2	2	28	0	1	7000	0	1	1	0	0	2	0	1	0.37	5	0	1	0	0	0	14.2	0.33	4.74	15.9	1.38	3.8
4676	1	2	46	1	0	3000	0	1	1	0	0	2	0	1	1	5	0	1	0	0	0	11	0.27	3.67	12.9	1.33	16.59
4677	1	1	24	0	1	10000	1	1	2	1	0	8	1	0	0.1	5	0	1	0	0	0	27.4	0.45	9.15	27.17	2.25	12.1
4684	2	1	20	0	0	7000	0	1	1	0	0	1	0	1	0.85	5	0	1	0	0	0	18.9	0.43	6.31	20.1	1.45	10.8
4685	1	1	20	0	1	14000	1	1	2	1	0	8	1	0	0	5	0	1	0	0	0	27	0.52	9.02	31.5	2.7	14.2
4688	2	1	34	0	0	1000	0	1	1	0	1	2	0	1	0	5	0	1	0	0	0	12.3	0.33	4.11	20.7	1.38	7.5
4690	2	2	29	0	1	12000	1	1	1	0	0	8	1	0	0	5	0	1	0	0	0	13.5	0.4	4.51	16.4	1.63	3.8
