ID	Choice	Relacao	Age	Male	Income	License	QtdVeic	TripChain	Destino	Frequence	Fds	Quinzenal	Mensal	TTime1_1	Cost_1	WalkTime_1	TTime1_2	Transbordo_2	Cost_2	WalkTime_2
1	2	5	24	1	4000	1	1	0	6	5	0	0	0	0.33	10	2.5	1.17	1	8	25
8	1	4	49	1	7000	1	2	0	6	5	0	0	0	0.33	6	2.5	0.67	1	8	15
9	2	4	30	0	5000	1	1	0	6	5	0	0	0	0.585	30	5	1	1	6	15
33	2	1	20	1	7000	1	2	1	8	5	0	0	0	0.58	12	36.25	1	1	8	30
34	1	1	35	0	3000	1	3	1	6	5	0	0	0	1	20	2.5	1.5	1	14	15
42	1	1	23	1	14000	1	2	0	8	5	0	0	0	1.17	30	2.5	2	1	10	15
44	1	1	23	1	10000	1	2	0	8	5	0	0	0	0.5	12	2.5	1.67	1	8	20
45	2	1	21	0	30000	1	1	0	8	5	0	0	0	0.67	17	6.25	1	1	12	2.5
53	1	1	22	1	5000	1	2	0	1	5	1	0	0	1	30	5	1.67	1	12	10
62	2	1	20	0	1000	1	1	0	1	3	0	0	0	0.5	8	15	1	0	8	20
64	1	1	33	1	7000	1	1	0	3	0	0	0	1	0.5	14	70	0.915	1	11	12.5
71	1	1	22	0	5000	1	3	0	8	4	0	0	0	0.5	8	5	0.915	1	7	7.5
73	2	1	21	0	1000	1	1	0	8	5	0	0	0	1	20	2.5	2	1	12	5
74	2	1	21	1	5000	1	1	0	8	5	0	0	0	0.75	20	5	2.5	1	6	20
76	2	1	21	0	10000	1	1	1	2	2	0	0	0	0.5	10	5	1	1	4	10
82	2	1	23	0	20000	1	2	0	8	5	0	0	0	0.83	20	5	1.17	1	8	30
83	1	1	22	1	4000	1	2	0	1	5	0	0	0	0.33	8	2.5	1	1	8	10
86	2	1	24	1	35000	1	2	0	8	5	0	0	0	0.67	14	5	0.83	1	16	10
87	2	1	24	0	6000	1	2	1	6	2	0	0	0	0.915	20	5	2	0	14	20
88	1	1	18	0	5000	1	2	0	8	5	0	0	0	0.5	16	2.5	0.83	1	8	15
91	2	1	20	1	8000	1	1	0	8	5	0	0	0	0.915	20	5	1.33	0	12	15
103	2	1	23	0	3000	1	1	0	2	5	0	0	0	0.83	30	3.75	1.5	1	14	30
115	1	1	23	0	8000	1	2	1	8	5	0	0	0	0.33	6	5	1	0	8	15
119	2	1	25	0	7000	1	1	0	9	5	0	0	0	0.33	10	5	0.67	0	8	10
129	2	1	18	1	8000	1	2	0	8	5	0	0	0	0.33	20	2.5	1.33	1	8	20
135	1	1	25	1	20000	1	2	0	8	0	0	0	1	0.5	6	2.5	1.67	1	8	20
139	2	1	20	0	12000	1	1	1	11	5	1	0	0	0.67	12	10	1.5	1	8	30
142	2	1	27	0	3000	1	1	0	6	5	0	0	0	0.5	12	15	1.33	1	8	10
157	2	1	20	0	30000	1	3	0	1	5	0	0	0	0.5	12	5	0.5	0	8	2.5
160	2	1	23	0	8000	1	2	0	2	5	0	0	0	0.915	18	2.5	1.33	1	12	10
166	1	1	20	1	10000	1	2	0	8	5	0	0	0	0.67	30	5	0.83	1	8	15
167	2	1	33	1	5000	1	1	1	6	5	0	0	0	0.915	25	5	1	1	8	5
178	2	1	22	1	10000	1	1	1	8	5	1	0	0	0.33	10	5	1	1	8	10
186	1	1	23	1	22000	1	3	1	8	4	0	0	0	0.83	30	2.5	1.17	1	10	15
187	1	1	25	0	5000	1	1	1	6	5	0	0	0	0.5	16	10	0.67	1	8	10
207	1	1	33	1	14000	1	1	1	2	2	0	0	0	0.17	14	2.5	1	1	8	10
212	2	6	55	0	5000	1	1	0	5	5	0	0	0	0.75	30	6.25	2	1	10	2.5
223	2	1	21	0	5000	1	1	1	6	5	0	0	0	0.67	12	10	1	1	14	5
228	2	1	22	0	5000	1	1	0	2	5	0	0	0	0.67	19	6.25	1.33	1	6	15
236	2	1	23	0	4000	1	1	0	1	5	0	0	0	0.915	20	5	1.67	1	12	20
237	2	1	18	0	10000	1	1	0	6	5	0	0	0	0.83	20	5	0.67	1	14	5
249	2	1	26	0	5000	1	2	1	6	5	0	0	0	1	30	2.5	2.33	1	14	20
250	2	1	23	0	10000	1	2	1	2	5	0	0	0	0.5	10	3.75	2	1	8	20
270	2	1	22	0	18000	1	2	0	6	4	0	0	0	1	20	2.5	2	1	14	15
274	2	1	21	0	16000	1	1	0	8	4	0	0	0	0.5	10	5	0.83	1	8	25
275	2	1	20	1	35000	1	3	0	1	5	0	0	0	0.67	12	2.5	1.5	1	8	10
279	2	1	20	0	6000	1	2	0	6	5	0	0	0	0.415	10	10	0.83	1	8	5
283	2	1	23	0	2000	1	1	0	8	4	0	0	0	0.75	20	5	1.5	1	2	30
284	1	1	22	1	10000	1	1	0	8	5	0	0	0	0.67	16	2.5	1.33	1	8	20
286	2	1	24	0	4000	1	1	1	6	1	0	0	0	0.5	10	3.75	1	0	8	5
291	1	1	36	1	6000	1	1	1	6	5	0	0	0	0.5	30	5	1	1	8	10
296	1	1	25	1	5000	1	2	0	8	5	0	0	0	0.5	6	10	1.5	1	10	10
299	2	1	24	0	5000	1	1	0	11	5	0	0	0	0.915	20	5	2.5	1	14	15
303	1	1	22	0	12000	1	2	0	2	5	0	0	0	0.33	10	2.5	0.83	1	6	10
306	2	1	21	0	10000	1	1	0	2	5	0	0	0	0.915	20	5	2.5	1	12	30
311	1	1	20	0	20000	1	3	0	2	5	0	0	0	1	16	2.5	1.17	1	10	15
313	2	1	20	1	10000	1	3	0	2	5	0	0	0	0.915	25	5	0.67	1	10	2.5
320	2	1	22	0	7000	1	2	0	2	5	0	0	0	0.5	10	5	1.5	1	12	30
321	2	1	19	1	7000	1	1	0	8	5	0	0	0	0.83	20	5	1.17	1	8	15
327	1	1	24	0	8000	1	2	0	8	5	0	0	0	1.17	10	10	1.415	1	12	15
332	2	1	25	0	35000	1	2	1	6	4	0	0	0	0.5	10	10	1	1	12	35
337	1	1	21	0	18000	1	3	0	2	5	0	0	0	0.83	30	10	1.17	1	10	15
341	2	1	23	1	4000	1	3	1	8	4	0	0	0	0.915	20	5	0.67	1	10	10
348	1	1	21	0	20000	1	3	0	9	5	1	0	0	0.67	16	10	1	1	8	10
362	1	1	22	1	20000	1	3	0	8	5	0	0	0	0.67	10	70	1.33	1	12	20
364	1	1	24	0	9000	1	1	1	8	5	0	0	0	0.67	18	5	1.5	1	10	10
382	2	1	18	1	35000	1	2	0	8	5	0	0	0	0.5	10	5	1	1	14	20
393	2	1	23	1	10000	1	1	0	8	5	0	0	0	0.5	10	5	1	1	6	10
395	1	1	19	0	35000	1	1	0	8	5	0	0	0	0.67	8	10	1.5	1	10	10
400	2	1	21	0	2000	1	1	0	2	4	0	0	0	0.67	15	7.5	1.33	1	12	25
403	1	1	22	1	9000	1	3	1	2	5	0	0	0	0.33	20	2.5	1.165	1	8	15
409	2	1	20	0	5000	1	1	0	1	5	1	0	0	0.67	15	7.5	1.33	1	12	25
429	2	1	25	1	10000	1	2	1	11	5	0	0	0	0.33	10	2.5	1.5	0	10	5
435	2	1	53	1	6000	1	1	1	1	5	0	0	0	0.75	9	5	1.33	1	10	20
442	2	1	19	0	10000	1	1	0	11	5	0	0	0	0.67	14	2.5	0.33	0	8	50
454	2	1	19	1	7000	1	2	0	8	5	1	0	0	0.75	30	6.25	2	1	8	10
460	1	1	27	0	35000	1	4	1	6	2	0	0	0	0.33	20	2.5	0.75	1	9	17.5
464	2	1	25	1	10000	1	2	0	8	5	0	0	0	0.5	15	5	0.67	0	8	15
468	2	1	30	1	2000	1	1	1	6	5	0	0	0	0.33	10	5	1.5	1	10	15
472	1	2	28	1	12000	1	1	0	8	1	0	0	0	0.67	8	5	0.585	0	6	15
474	2	1	22	1	2000	1	1	0	8	5	1	0	0	0.5	8	15	1	1	6	15
492	2	4	52	0	6000	1	2	0	6	5	0	0	0	0.33	10	2.5	1	0	10	15
493	1	1	20	0	10000	1	1	0	8	5	0	0	0	0.67	4	15	1	1	8	15
503	1	1	27	0	5000	1	1	0	8	5	0	0	0	0.5	12	20	1	1	12	10
515	2	4	27	1	9000	1	1	0	6	5	0	0	0	0.5	10	5	0.83	1	8	15
516	2	1	21	0	8000	1	1	0	8	5	0	0	0	0.33	10	5	0.83	1	8	2.5
520	2	1	42	1	4000	1	1	0	6	3	0	0	0	0.33	12	2.5	1	1	8	2.5
527	2	1	19	0	9000	1	1	1	8	4	0	0	0	0.585	30	5	0.83	1	6	10
528	2	1	23	1	7000	1	1	0	2	5	0	0	0	0.915	20	5	1.67	0	6	10
529	2	1	20	0	20000	1	2	0	2	5	0	0	0	0.67	19	6.25	1	0	6	25
537	1	1	20	0	4000	1	1	0	8	5	0	0	0	0.67	8	10	1.17	1	8	25
538	2	1	23	0	4000	1	1	0	2	5	0	0	0	0.5	10	5	1	1	8	10
541	2	1	20	0	10000	1	1	0	2	2	0	0	0	0.67	16	2.5	1.67	1	16	15
542	2	1	20	0	10000	1	4	0	6	2	1	0	0	0.5	10	10	1	0	8	15
568	2	1	25	1	3000	1	1	1	6	5	0	0	0	0.67	15	7.5	1.5	1	16	30
571	2	1	19	0	10000	1	1	0	6	5	0	0	0	0.33	10	2.5	0.67	1	12	15
573	2	1	22	0	4000	1	2	0	2	5	0	0	0	0.33	12	2.5	1.33	1	8	20
577	2	1	21	0	4000	1	1	0	2	5	0	0	0	0.33	10	5	0.83	0	8	20
582	2	1	23	1	3000	1	1	1	1	5	0	0	0	0.5	12	20	1	1	12	10
589	1	7	59	1	20000	1	2	0	8	5	0	0	0	0.5	12	2.5	0.585	0	6	15
595	1	6	26	1	10000	1	1	0	10	5	0	0	0	0.33	8	2.5	0.67	0	11	12.5
596	1	7	61	1	10000	1	1	0	1	2	0	0	0	0.33	20	2.5	0.83	1	6	10
602	1	7	58	0	30000	1	2	0	6	5	0	0	0	0.83	20	70	1	1	8	15
604	1	7	51	0	10000	1	1	0	8	5	0	0	0	0.5	6	30	0.83	0	8	15
606	1	7	44	0	7000	1	1	0	8	4	0	0	0	0.67	8	2.5	1	1	8	15
608	1	7	44	0	12000	1	1	0	8	3	0	0	0	1	8	5	1.67	1	12	10
609	1	2	27	0	14000	1	1	0	8	5	0	0	0	0.5	20	2.5	1.17	1	8	2.5
612	1	2	25	0	18000	1	2	0	8	0	0	1	0	0.67	12	5	0.67	0	8	15
617	2	2	23	0	5000	1	1	0	8	3	0	0	0	0.835	14	20	1.5	1	14	25
621	2	6	27	0	14000	1	1	0	8	5	0	0	0	0.5	12	15	0.5	1	8	20
623	1	7	52	1	6000	1	1	0	8	3	0	0	0	0.83	30	2.5	1.17	1	10	15
625	1	7	53	0	16000	1	1	0	1	5	0	0	0	0.5	10	5	1	1	12	20
626	1	7	35	1	10000	1	1	0	8	5	0	0	0	0.33	8	2.5	1	1	10	25
627	1	4	31	1	9000	1	1	0	8	5	0	0	0	0.33	8	2.5	0.83	0	8	15
633	2	4	50	0	26000	1	1	0	8	5	0	0	0	0.5	10	5	1.33	0	8	25
638	1	7	49	1	35000	1	1	0	1	4	0	0	0	0.5	10	2.5	1.67	1	8	20
642	1	6	54	1	20000	1	1	0	8	5	0	0	0	0.5	30	2.5	0.83	0	8	15
643	1	7	52	1	24000	1	1	0	8	5	0	0	0	0.33	30	2.5	0.75	1	8	10
644	2	2	24	0	5000	1	2	1	8	5	0	0	0	0.67	15	7.5	1	1	10	15
647	1	4	33	0	10000	1	2	0	8	5	0	0	0	0.33	10	70	1	1	8	25
650	1	2	27	1	10000	1	1	0	8	5	0	0	0	0.83	16	5	1.67	1	12	10
651	1	7	42	0	18000	1	1	0	8	4	0	0	0	0.5	20	2.5	0.83	1	8	15
653	2	1	26	1	3000	1	1	0	8	5	0	0	0	0.67	20	10	1.17	1	8	15
656	1	2	68	1	8000	1	1	0	8	0	0	1	0	1	8	10	1.67	1	12	10
657	2	3	31	1	7000	1	1	0	3	5	0	0	0	0.915	18	2.5	1	0	10	20
664	2	4	38	0	5000	1	1	0	2	5	0	0	0	0.915	20	5	2.17	1	12	5
665	2	4	39	1	6000	1	1	0	2	5	0	0	0	0.5	10	3.75	1.33	1	14	15
666	2	2	26	0	8000	1	1	0	8	4	0	0	0	0.5	18	15	1.17	1	6	15
675	2	2	28	1	20000	1	1	0	8	5	0	0	0	0.67	12	2.5	1	1	6	5
678	1	3	25	1	20000	1	2	0	8	0	0	0	1	0.5	10	5	1.085	1	8	15
680	2	2	23	0	4000	1	1	0	8	5	0	0	0	0.83	30	3.75	1.5	0	6	15
682	1	5	27	1	9000	1	1	0	10	5	0	0	0	0.5	8	2.5	1.915	1	15	10
684	1	5	27	1	7000	1	1	0	10	5	1	0	0	1.17	30	2.5	1.17	1	10	15
685	2	5	26	1	6000	1	1	0	10	5	0	0	0	0.915	25	5	1.17	1	10	15
686	1	1	23	1	10000	1	3	1	8	4	0	0	0	0.67	12	5	1.415	1	11	15
688	2	1	24	1	35000	1	1	0	8	3	0	0	0	0.67	12	2.5	1.17	1	8	10
692	2	4	51	0	16000	1	1	0	6	0	0	1	0	0.67	10	5	2	1	8	10
694	2	1	20	1	3000	1	1	0	8	5	0	0	0	0.915	18	2.5	1.67	1	12	15
696	1	1	23	1	18000	1	3	0	8	4	0	0	0	0.5	14	10	1	1	8	10
698	1	7	46	0	22000	1	1	0	9	0	0	1	0	0.83	20	10	1	1	8	15
702	1	4	54	0	30000	1	2	0	6	5	0	0	0	0.33	14	5	1	1	8	25
703	1	1	20	1	35000	1	4	0	8	5	0	0	0	0.67	10	2.5	1.33	1	8	20
707	1	1	22	1	18000	1	2	0	8	5	0	0	0	1	20	2.5	1.67	1	12	10
708	2	1	22	1	8000	1	1	0	8	5	0	0	0	0.915	20	5	1.5	0	12	5
711	2	1	24	0	10000	1	2	0	8	3	0	0	0	0.915	20	5	1.33	0	12	10
713	1	1	22	1	20000	1	3	1	8	4	0	0	0	0.83	20	15	1.17	1	10	15
715	1	1	20	0	35000	1	2	0	8	4	0	0	0	0.33	6	2.5	0.585	0	6	15
716	1	7	55	1	35000	1	2	0	9	5	0	0	0	0.83	30	5	0.915	1	10	7.5
717	1	1	21	0	6000	1	1	0	8	5	0	0	0	0.33	8	15	0.83	0	8	15
720	1	1	22	1	20000	1	4	1	8	5	0	0	0	0.5	10	5	0.67	1	8	10
724	1	1	22	0	5000	1	1	1	8	4	0	0	0	0.33	8	2.5	0.915	1	11	12.5
730	1	4	60	0	20000	1	1	0	6	5	0	0	0	0.83	12	5	1	1	8	10
732	1	3	25	1	10000	1	3	1	8	5	0	0	0	0.33	8	5	0.75	1	12	12.5
738	2	1	23	1	7000	1	1	1	8	3	0	0	0	0.83	30	3.75	1.67	1	8	20
741	1	7	25	1	35000	1	2	1	8	3	0	0	0	0.67	16	5	1.5	1	10	10
742	1	1	23	1	20000	1	2	0	8	5	0	0	0	0.5	10	10	1	1	8	10
743	2	1	19	1	30000	1	2	0	8	5	0	0	0	0.67	19	6.25	1.5	1	8	15
744	1	7	62	1	20000	1	1	0	8	3	0	0	0	0.5	8	2.5	0.83	0	8	15
746	1	7	55	0	14000	1	1	0	8	5	0	0	0	0.5	12	15	0.67	1	8	10
747	1	7	37	0	7000	1	1	0	11	2	1	0	0	0.83	10	5	1	1	8	10
748	2	1	23	0	35000	1	4	1	8	5	0	0	0	0.5	10	5	1	1	8	15
750	1	1	22	1	1000	1	4	0	8	5	0	0	0	0.33	4	2.5	0.83	0	8	15
752	1	4	50	0	8000	1	1	0	7	5	0	0	0	0.5	16	5	0.67	1	8	10
760	1	2	26	1	8000	1	1	0	8	5	0	0	0	0.83	30	5	1.335	1	8	17.5
762	2	4	32	0	5000	1	1	0	9	5	0	0	0	0.5	10	3.75	0.83	1	8	5
763	1	1	25	1	14000	1	3	1	8	5	0	0	0	1	30	2.5	2	1	10	15
764	1	7	37	0	14000	1	1	0	8	5	0	0	0	0.5	30	5	1.67	1	8	20
765	1	7	64	0	14000	1	2	0	8	5	0	0	0	0.5	8	2.5	0.83	0	8	20
783	1	7	58	0	12000	1	1	0	8	5	0	0	0	0.33	4	5	1.33	1	8	20
786	2	1	23	0	7000	1	1	1	6	5	0	0	0	0.5	12	10	1.17	1	10	10
790	1	7	63	1	35000	1	1	0	8	5	0	0	0	0.33	20	5	0.67	0	8	15
799	2	1	19	0	6000	1	1	1	2	2	0	0	0	0.67	14	2.5	1.5	1	4	20
809	2	1	23	0	6000	1	2	0	11	0	0	0	1	0.33	8	5	1.17	1	8	20
811	2	1	20	0	12000	1	2	0	6	5	0	0	0	0.915	20	5	1.67	1	12	20
819	2	4	28	1	7000	1	1	0	2	5	0	0	0	0.67	17	6.25	0.5	0	8	45
824	1	7	51	1	22000	1	4	0	8	5	0	0	0	0.33	10	5	1.17	1	8	5
828	2	2	29	0	5000	1	1	0	8	5	0	0	0	0.915	20	5	1.5	1	12	10
836	1	7	64	1	20000	1	1	0	8	5	0	0	0	0.5	30	2.5	1.5	1	10	10
840	2	1	21	1	18000	1	1	0	8	5	0	0	0	0.5	12	5	0.67	0	8	20
848	2	1	22	0	22000	1	1	0	9	5	0	0	0	0.67	16	2.5	1.5	1	12	15
853	2	1	23	0	12000	1	1	0	8	4	0	0	0	0.33	6	2.5	0.5	0	8	20
861	2	1	21	0	3000	1	1	0	8	5	0	0	0	0.75	9	5	1.67	1	16	25
872	1	5	23	1	5000	1	1	1	10	5	0	0	0	0.33	12	60	0.33	0	8	5
875	2	1	22	1	18000	1	1	0	8	5	0	0	0	0.5	10	3.75	1.33	1	6	5
877	1	1	22	1	1000	1	1	0	8	5	0	0	0	0.67	4	2.5	1.17	1	8	2.5
888	1	1	61	0	8000	1	1	0	6	3	0	0	0	0.5	10	2.5	0.83	1	6	10
889	1	1	19	1	7000	1	2	0	1	4	0	0	0	0.33	8	2.5	0.67	1	8	10
890	1	1	23	1	20000	1	2	0	6	5	0	0	0	1	30	10	1.67	1	12	10
893	2	1	25	0	3000	1	2	0	6	4	0	0	0	0.17	30	10	0.5	0	6	10
894	2	1	24	0	1000	1	1	1	8	5	0	0	0	0.17	6	2.5	1.17	1	10	10
895	2	1	18	0	4000	1	1	0	1	4	0	0	0	1	20	2.5	2	1	12	5
897	1	1	22	0	35000	1	1	0	9	5	0	0	0	0.5	18	5	1	1	12	20
899	1	7	39	0	8000	1	1	0	1	5	0	0	0	0.5	14	10	0.83	1	6	10
903	1	1	24	1	4000	1	1	0	8	5	0	0	0	1	30	5	0.83	1	8	15
904	1	7	40	1	14000	1	1	0	8	5	0	0	0	0.67	30	5	1.17	1	10	15
907	1	1	22	1	6000	1	2	0	1	5	0	0	0	0.5	10	5	1.17	1	8	10
912	1	1	24	1	35000	1	4	0	8	5	0	0	0	0.83	30	2.5	1.17	1	10	15
930	1	1	23	1	20000	1	1	0	8	4	0	0	0	0.5	8	5	0.83	0	8	15
941	2	1	24	0	8000	1	3	1	6	2	0	0	0	0.83	20	5	2	1	6	15
948	1	1	24	0	6000	1	1	0	8	3	0	0	0	1	12	15	1.67	1	12	10
955	2	1	28	1	5000	1	1	0	1	4	0	0	0	1	30	2.5	2.33	1	14	20
963	2	1	19	1	3000	1	2	0	1	5	0	0	0	0.33	10	5	0.67	1	6	10
968	1	1	23	0	20000	1	1	1	9	5	0	0	0	0.67	10	5	0.83	0	8	15
973	1	1	29	1	10000	1	1	0	8	2	0	0	0	0.5	18	2.5	1.33	1	12	20
979	1	1	28	0	10000	1	2	0	2	1	0	0	0	0.5	20	20	0.75	1	8	10
980	2	1	26	0	8000	1	2	1	6	3	0	0	0	0.5	18	15	1.33	1	10	15
986	1	1	26	1	20000	1	2	0	8	3	0	0	0	0.67	30	2.5	1.25	1	8	15
991	1	1	25	1	30000	1	3	0	8	5	0	0	0	0.67	12	2.5	1	1	8	15
993	2	1	36	0	2000	1	1	0	6	5	0	0	0	0.835	14	20	1.33	1	16	20
994	1	1	24	1	16000	1	1	0	8	4	0	0	0	0.83	6	2.5	1	1	8	15
997	1	1	26	1	16000	1	1	0	8	5	0	0	0	1	14	10	1.67	1	12	10
1000	2	1	20	1	5000	1	1	0	8	5	0	0	0	0.67	8	5	1.5	1	8	30
1004	2	1	19	0	6000	1	2	0	1	5	0	0	0	0.67	10	5	1	1	8	10
1006	1	6	38	1	18000	1	1	0	8	1	0	0	0	0.5	10	5	1	1	8	10
1008	2	1	22	0	3000	1	1	0	2	5	1	0	0	0.75	9	5	1.67	1	14	5
1009	1	1	22	0	8000	1	1	0	8	5	0	0	0	0.33	6	5	0.33	0	8	5
1010	1	7	33	1	22000	1	2	0	8	5	0	0	0	0.5	20	10	1	0	8	15
1024	1	1	22	1	2000	1	2	1	8	5	0	0	0	0.67	4	5	1.67	1	14	20
1032	1	1	20	0	5000	1	2	0	1	4	0	0	0	0.33	8	20	0.83	1	8	2.5
1038	2	1	21	1	14000	1	3	1	8	5	0	0	0	0.67	8	5	1.5	1	12	15
1041	2	1	18	0	10000	1	1	0	2	5	0	0	0	0.5	12	2.5	1.67	0	8	5
1046	2	4	53	1	10000	1	2	1	6	5	0	0	0	0.5	14	3.75	0.83	1	16	15
1051	1	1	25	1	20000	1	4	1	8	5	0	0	0	0.5	10	5	0.83	1	6	10
1057	1	1	26	1	9000	1	4	0	8	2	0	0	0	1	20	10	1.17	1	10	15
1062	1	1	21	0	12000	1	2	0	8	5	1	0	0	1	10	25	1	1	8	10
1063	1	3	28	1	10000	1	2	1	8	0	0	0	1	1	30	5	1.415	1	11	15
1066	2	1	26	1	3000	1	3	0	11	5	0	0	0	0.835	14	20	2	1	14	20
1080	1	1	21	0	6000	1	3	0	8	5	0	0	0	0.83	14	5	1.17	1	10	15
1089	2	1	19	1	4000	1	1	0	1	5	0	0	0	0.5	10	5	1.67	1	8	10
1090	1	1	22	0	14000	1	2	0	8	5	0	0	0	0.67	30	2.5	1.17	1	10	15
1093	2	1	23	0	3000	1	1	1	2	4	0	0	0	1	20	2.5	2	1	16	10
1095	1	1	19	0	14000	1	2	0	8	5	0	0	0	1	18	20	1.17	1	10	15
1102	2	1	20	1	12000	1	4	0	8	4	0	0	0	0.83	20	5	1.33	1	14	10
1104	2	1	19	0	2000	1	1	1	1	5	0	0	0	1	20	2.5	1.67	1	14	15
1105	1	1	23	1	2000	1	2	0	8	4	0	0	0	1	6	2.5	0.83	1	8	15
1128	2	1	27	0	12000	1	2	0	6	5	1	0	0	0.83	20	5	0.83	1	8	15
1132	2	1	20	1	1000	1	2	0	2	5	0	0	0	0.33	10	2.5	1.17	1	8	5
1135	2	4	58	0	10000	1	1	0	2	5	0	0	0	0.915	20	5	1.5	1	12	2.5
1138	1	1	23	1	12000	1	3	0	8	5	0	0	0	0.67	16	5	0.83	1	8	15
1139	2	1	18	1	3000	1	2	1	1	3	0	0	0	1	6	2.5	1.17	1	14	10
1141	1	1	22	1	20000	1	3	1	8	5	0	0	0	0.5	10	2.5	0.83	1	8	15
1160	2	1	23	0	1000	1	1	0	6	5	0	0	0	0.75	20	5	2	1	12	15
1175	2	1	30	1	22000	1	3	1	11	5	0	0	0	0.415	9	2.5	0.67	0	8	15
1176	2	1	24	0	7000	1	1	0	9	1	0	0	0	0.67	12	2.5	0.83	0	6	15
1178	2	1	19	0	3000	1	2	0	2	3	0	0	0	0.915	20	5	2	1	12	30
1182	2	1	24	1	10000	1	1	1	8	5	0	0	0	0.5	10	5	0.67	1	8	10
1184	2	1	25	1	1000	1	2	0	2	4	0	0	0	0.915	20	5	2.5	1	14	10
1197	2	1	22	0	8000	1	3	0	6	0	0	0	1	0.33	6	35	0.33	1	14	2.5
1199	1	1	24	0	12000	1	1	0	6	4	0	0	0	0.67	14	2.5	0.67	0	8	15
1200	1	1	23	0	6000	1	2	1	8	5	0	0	0	0.33	30	5	1.67	1	12	10
1201	2	1	20	0	2000	1	2	0	1	5	0	0	0	0.75	9	6.25	1.17	1	12	35
1202	1	3	22	1	10000	1	2	1	5	3	0	0	0	0.5	14	10	1.17	1	10	15
1203	2	1	22	1	9000	1	2	1	6	5	0	0	0	0.5	15	6.25	0.67	1	10	15
1206	1	1	21	1	35000	1	4	0	8	5	0	0	0	0.67	20	2.5	1	1	8	15
1216	1	1	19	0	10000	1	2	0	2	5	0	0	0	1	14	10	1.17	1	10	15
1223	2	1	19	0	14000	1	1	0	6	5	0	0	0	0.5	8	10	0.83	1	6	5
1225	2	1	21	1	10000	1	1	1	8	5	0	0	0	0.67	12	10	1	1	4	5
1227	2	1	24	0	10000	1	1	0	8	4	0	0	0	0.415	9	2.5	0.83	1	6	10
1236	2	1	22	0	2000	1	2	0	2	5	0	0	0	0.75	20	5	2	1	10	25
1242	2	1	19	0	12000	1	2	0	8	5	0	0	0	0.83	20	5	1.17	1	6	20
1248	1	1	19	0	10000	1	2	1	1	5	0	0	0	0.5	12	2.5	1	0	8	15
1252	1	1	23	1	8000	1	4	1	8	4	0	0	0	0.5	20	10	0.83	1	8	15
1253	2	1	27	1	8000	1	1	0	1	5	0	0	0	1	20	2.5	1.5	1	12	2.5
1255	2	1	21	1	10000	1	2	0	8	5	0	0	0	0.915	25	5	0.83	1	10	10
1259	2	1	20	0	3000	1	1	1	2	5	0	0	0	0.33	10	2.5	0.83	1	14	10
1263	2	1	26	0	3000	1	1	0	1	2	1	0	0	0.75	20	5	2	1	8	2.5
1264	2	1	19	0	35000	1	2	0	8	5	0	0	0	0.585	20	3.75	1	1	14	15
1270	2	1	26	1	4000	1	1	0	1	5	0	0	0	0.33	12	2.5	0.67	1	6	20
1274	1	1	23	0	2000	1	1	0	8	5	0	0	0	0.5	30	20	1.17	1	12	15
1277	1	1	22	1	10000	1	2	0	8	5	0	0	0	0.5	10	2.5	1.085	1	8	15
1279	2	1	22	0	4000	1	3	0	6	5	0	0	0	0.5	10	5	1	1	8	2.5
1284	1	1	25	1	10000	1	1	1	8	5	0	0	0	0.67	10	5	1	1	8	10
1287	2	1	25	0	5000	1	1	1	6	5	0	0	0	1	20	2.5	2	1	12	10
1295	2	1	23	1	5000	1	1	1	8	5	0	0	0	1	20	2.5	2	1	16	10
1299	2	1	20	0	2000	1	1	0	2	5	0	0	0	0.415	12	5	0.5	1	8	10
1304	2	1	21	1	1000	1	1	1	6	2	0	0	0	0.83	30	3.75	1.67	1	8	2.5
1305	2	1	23	1	7000	1	1	0	8	5	0	0	0	0.5	10	10	0.83	1	6	70
1307	2	1	23	1	10000	1	2	0	11	0	0	0	1	0.67	12	2.5	1.17	0	8	20
1313	2	1	21	0	12000	1	2	0	8	5	0	0	0	0.5	10	5	1.17	1	8	20
1323	1	1	23	1	35000	1	3	1	9	5	1	0	0	0.5	12	10	0.67	0	8	15
1327	2	1	25	1	16000	1	1	0	2	5	0	0	0	0.915	20	5	1.5	0	12	2.5
1328	1	1	23	0	14000	1	2	1	6	5	0	0	0	1	30	5	1.5	1	2	15
1329	2	1	20	1	3000	1	1	0	2	5	0	0	0	1	20	2.5	1.83	1	16	15
1341	1	1	24	1	6000	1	1	0	1	5	0	0	0	0.5	14	70	0.67	0	8	15
1342	1	1	34	1	8000	1	1	0	1	2	0	0	0	0.67	30	2.5	1.67	1	12	10
1349	2	1	20	0	2000	1	1	0	6	5	1	0	0	0.75	20	5	2.5	1	14	10
1364	2	2	26	0	4000	1	1	0	8	5	0	0	0	0.415	9	2.5	0.83	1	8	10
1367	1	1	23	0	22000	1	1	0	9	5	0	0	0	0.33	10	35	0.67	1	8	10
1368	1	1	23	1	35000	1	4	0	9	5	0	0	0	0.67	8	2.5	1	1	8	15
1378	2	1	22	1	6000	1	1	0	8	2	0	0	0	0.5	10	2.5	1	0	8	20
1381	2	1	59	1	6000	1	1	0	6	5	0	0	0	1	30	2.5	1.5	1	2	25
1386	2	1	21	1	18000	1	1	0	6	0	1	0	0	0.5	10	5	0.5	0	8	15
1395	1	1	24	1	9000	1	1	1	2	5	0	0	0	0.67	30	10	0.67	0	8	15
1404	2	1	22	0	3000	1	1	1	6	1	0	0	0	0.5	10	3.75	1.5	1	8	25
1414	1	1	25	0	12000	1	4	0	11	5	1	0	0	0.67	14	2.5	1.17	1	8	5
1420	1	1	22	0	35000	1	3	0	9	5	1	0	0	0.33	4	5	0.67	1	8	10
1425	1	1	31	1	14000	1	4	0	2	5	0	0	0	1	30	2.5	2	1	10	15
1431	2	1	19	0	5000	1	1	0	6	3	0	0	0	0.33	10	5	0.67	1	8	20
1434	2	1	21	0	20000	1	2	0	2	5	0	0	0	0.83	20	5	1	1	8	5
1435	1	1	22	1	3000	1	2	0	8	5	0	0	0	0.33	6	10	1.335	1	8	35
1443	1	1	21	1	35000	1	2	0	8	5	0	0	0	0.33	14	15	0.67	0	8	15
1451	2	1	24	0	18000	1	1	0	9	5	0	0	0	0.5	12	5	1	1	8	20
1454	1	1	27	1	8000	1	2	0	2	2	0	0	0	0.83	8	5	1.085	1	8	15
1462	1	1	23	1	12000	1	1	0	8	2	0	0	0	0.5	12	10	0.67	0	8	15
1464	1	1	27	1	35000	1	4	1	8	4	0	0	0	0.83	10	15	1.33	1	8	20
1467	1	1	23	1	20000	1	2	1	8	2	0	0	0	0.5	8	2.5	1	1	8	10
1473	1	1	22	1	18000	1	3	0	8	5	0	0	0	0.33	4	10	1	1	8	10
1484	2	1	19	0	5000	1	2	0	11	5	0	0	0	0.5	12	10	0.83	1	6	30
1488	2	1	25	0	10000	1	1	0	6	5	0	0	0	0.33	12	5	0.33	0	8	5
1489	2	1	23	1	5000	1	2	1	8	5	0	0	0	1	20	2.5	1	1	16	30
1493	2	1	24	0	6000	1	2	1	6	5	0	0	0	0.5	10	3.75	1.5	1	14	30
1497	1	7	50	1	10000	1	1	0	8	5	0	0	0	0.33	12	2.5	1.17	1	8	10
1499	1	1	22	0	7000	1	3	0	7	3	0	0	0	0.33	4	15	0.83	1	8	2.5
1501	2	1	22	1	7000	1	1	0	8	5	0	0	0	0.5	10	5	1	1	8	5
1506	1	4	24	1	5000	1	1	0	8	5	1	0	0	1	14	2.5	1.33	1	12	20
1512	2	1	26	0	3000	1	1	0	2	5	0	0	0	0.83	30	3.75	1.5	1	14	10
1516	1	1	20	1	5000	1	3	0	8	5	0	0	0	0.67	14	15	1	1	8	10
1520	2	1	20	0	4000	1	1	1	6	1	0	0	0	0.5	10	5	1.5	0	12	20
1525	1	7	50	0	12000	1	1	0	6	5	0	0	0	0.33	20	5	0.67	0	8	15
1533	1	1	27	1	7000	1	1	1	8	5	0	0	0	0.17	6	5	1.335	1	8	35
1536	2	1	19	1	20000	1	3	0	8	4	0	0	0	0.75	30	6.25	1	1	8	2.5
1538	2	1	20	0	35000	1	3	0	8	4	0	0	0	0.67	16	2.5	1.17	1	10	5
1545	2	1	23	1	7000	1	1	0	8	4	0	0	0	0.33	12	2.5	1	1	6	15
1547	2	1	20	1	18000	1	2	0	8	5	0	0	0	0.83	30	3.75	1.5	1	6	5
1564	1	1	21	1	4000	1	2	0	8	5	0	0	0	1	16	5	1.33	1	12	20
1567	1	1	20	1	24000	1	3	0	8	5	0	0	0	0.67	10	15	1	1	8	10
1570	2	1	23	1	5000	1	1	1	1	3	0	0	0	0.5	10	5	0.67	0	8	30
1580	2	1	45	0	6000	1	1	0	2	3	0	0	0	0.5	12	10	1.33	1	8	15
1584	2	1	19	0	2000	1	1	0	2	5	0	0	0	0.67	15	7.5	1.5	1	16	20
1585	2	1	19	0	20000	1	2	0	6	5	0	0	0	0.83	20	5	2	1	8	20
1586	2	1	18	1	5000	1	1	0	8	5	0	0	0	0.5	12	2.5	0.83	0	8	10
1587	2	1	19	0	7000	1	1	0	8	5	1	0	0	0.83	20	5	1	1	10	15
1588	2	1	23	0	7000	1	1	0	2	5	0	0	0	0.67	19	6.25	1.17	1	6	10
1600	2	1	30	0	6000	1	1	0	2	3	0	0	0	0.5	10	2.5	0.5	1	8	2.5
1601	2	1	24	1	3000	1	1	1	6	1	0	0	0	0.33	12	2.5	2	1	10	30
1605	1	1	27	1	6000	1	1	1	8	4	0	0	0	0.5	12	10	1.17	1	8	10
1618	1	7	69	1	14000	1	2	0	1	5	0	0	0	0.5	20	5	0.83	1	8	15
1619	2	1	22	0	3000	1	1	1	6	5	1	0	0	0.67	12	2.5	1	1	8	15
1623	2	1	20	0	3000	1	1	0	6	5	0	0	0	0.5	10	5	1.67	1	14	15
1625	2	1	21	0	2000	1	1	1	2	5	0	0	0	1	20	2.5	2.17	1	12	20
1626	2	1	21	1	7000	1	1	1	8	4	0	0	0	0.33	10	5	1.5	1	14	2.5
1632	1	7	54	1	10000	1	2	0	8	5	0	0	0	1.17	20	2.5	1.17	1	10	15
1641	1	1	22	1	8000	1	2	1	6	5	0	0	0	0.67	20	2.5	0.83	1	10	10
1642	2	1	59	0	1000	1	1	0	6	4	0	0	0	0.33	6	2.5	0.5	1	14	30
1646	2	1	19	0	14000	1	3	0	1	5	0	0	0	0.5	10	5	1.17	1	8	20
1649	2	1	21	1	10000	1	1	1	8	5	0	0	0	0.67	17	6.25	0.5	1	8	30
1653	1	1	21	1	14000	1	1	0	8	5	0	0	0	0.67	12	15	1	1	8	15
1654	1	1	24	1	20000	1	3	0	8	5	0	0	0	0.67	16	2.5	1	1	8	10
1657	1	2	35	1	10000	1	1	0	6	0	0	0	1	0.5	16	2.5	1.67	1	12	10
1661	2	1	28	1	4000	1	1	0	8	5	0	0	0	0.33	8	5	1.5	1	8	50
1663	2	1	18	0	7000	1	2	0	2	4	0	0	0	0.835	14	20	1	0	14	5
1665	2	2	24	1	7000	1	4	1	1	5	0	0	0	0.33	20	2.5	1	0	8	10
1667	2	2	34	1	3000	1	1	0	8	5	0	0	0	0.83	30	3.75	1.17	1	12	20
1670	1	2	36	0	12000	1	1	1	8	2	0	0	0	0.33	8	2.5	1	1	8	15
1673	2	2	33	1	12000	1	1	0	8	5	0	0	0	0.75	20	5	1.17	0	4	5
1675	1	2	27	0	16000	1	1	0	2	4	0	0	0	0.33	20	2.5	1	1	8	10
1677	2	1	23	1	4000	1	1	0	8	5	0	0	0	0.67	17	6.25	1.17	1	8	15
1680	1	4	55	1	16000	1	1	0	1	5	0	0	0	0.5	18	15	1.25	1	8	17.5
1686	1	2	29	1	10000	1	3	0	7	5	0	0	0	0.5	12	2.5	1.5	1	10	10
1689	1	2	36	0	4000	1	1	0	8	0	0	1	0	0.5	16	2.5	0.83	0	8	20
1692	1	2	41	0	6000	1	1	0	8	5	1	0	0	0.33	14	5	0.67	1	8	10
1693	1	1	19	0	8000	1	2	0	8	5	0	0	0	0.5	12	20	1.17	1	10	15
1700	1	2	25	0	2000	1	1	0	8	5	0	0	0	0.5	8	2.5	1.17	1	12	15
1704	1	1	22	1	10000	1	1	0	2	3	0	0	0	0.5	10	2.5	1	1	8	10
1709	2	2	24	0	7000	1	1	0	2	5	0	0	0	0.33	10	5	0.5	1	8	15
1711	1	1	18	0	35000	1	3	0	8	5	0	0	0	0.5	30	2.5	1.25	1	8	15
1718	1	2	34	1	8000	1	1	1	8	3	0	0	0	0.5	14	10	1	1	8	10
1723	2	2	44	0	12000	1	1	0	8	3	0	0	0	0.5	12	2.5	0.67	0	8	30
1725	2	1	24	0	10000	1	2	1	6	5	0	0	0	0.5	10	5	0.67	1	16	20
1730	2	1	21	0	3000	1	2	1	9	5	0	0	0	0.75	30	6.25	1	1	12	30
1734	1	2	29	1	35000	1	3	0	8	2	0	0	0	0.67	14	2.5	1.17	1	10	15
1736	1	1	34	0	4000	1	3	0	6	4	0	0	0	1	20	2.5	1.17	1	8	15
1750	1	4	32	1	35000	1	2	1	9	2	0	0	0	0.5	30	10	1.17	1	10	15
1751	2	2	27	1	7000	1	2	0	2	0	0	1	0	0.915	20	5	1.67	0	14	40
1752	1	1	54	1	4000	1	2	1	11	0	0	1	0	0.33	10	15	0.83	1	10	10
1760	1	2	28	0	14000	1	2	0	8	2	1	0	0	0.33	6	5	0.67	0	8	15
1767	1	3	30	1	5000	1	1	0	8	0	1	0	0	0.33	8	5	0.83	1	8	2.5
1774	1	1	23	0	7000	1	2	1	8	5	1	0	0	0.33	10	20	0.83	0	8	15
1780	1	2	29	0	12000	1	1	0	8	5	0	0	0	0.67	8	2.5	1	1	8	15
1782	2	1	31	0	2000	1	1	0	1	5	0	0	0	0.75	30	6.25	1.33	0	6	35
1783	1	2	34	0	10000	1	2	0	8	5	0	0	0	0.33	8	5	0.67	1	8	10
1785	2	1	21	1	14000	1	2	0	8	5	0	0	0	0.415	9	2.5	0.67	1	6	10
1789	1	1	19	1	16000	1	3	0	8	5	0	0	0	0.33	8	20	1.17	1	8	10
1794	1	1	21	0	12000	1	2	1	11	0	1	0	0	0.67	30	5	0.83	1	8	15
1804	1	2	29	1	35000	1	3	1	8	5	0	0	0	0.67	20	2.5	1.67	1	12	10
1806	1	1	26	1	10000	1	1	0	2	3	0	0	0	0.5	12	2.5	1	1	8	10
1815	1	2	48	1	10000	1	2	0	8	2	0	0	0	1.17	20	5	1.67	1	12	10
1818	1	2	35	0	4000	1	1	1	11	1	0	0	0	0.5	20	2.5	0.67	0	8	15
1822	2	2	26	0	7000	1	1	0	6	4	0	0	0	0.83	20	5	1.17	0	12	10
1835	2	2	25	1	14000	1	1	1	8	2	0	0	0	0.67	17	6.25	0.67	0	10	35
1837	1	2	33	1	14000	1	1	0	1	1	0	0	0	0.33	8	2.5	0.75	1	8	10
1840	1	1	22	0	20000	1	2	0	6	5	0	0	0	1	30	2.5	2	1	10	15
1843	1	2	24	1	35000	1	3	0	9	5	1	0	0	0.33	20	25	0.585	0	6	15
1847	2	1	21	0	35000	1	4	0	1	4	0	0	0	0.5	15	6.25	1	1	10	25
1848	2	1	23	0	5000	1	1	0	6	5	0	0	0	0.67	15	7.5	1	1	12	25
1859	1	2	33	0	8000	1	1	1	9	2	0	0	0	0.83	20	2.5	1.5	1	10	10
1868	1	2	26	1	3000	1	1	0	8	0	0	1	0	1	16	2.5	1.415	1	12	15
1878	1	2	25	1	10000	1	2	1	8	5	0	0	0	0.33	30	2.5	1.165	1	8	15
1881	1	1	23	1	16000	1	3	0	8	5	0	0	0	1	20	2.5	2	1	12	10
1898	1	7	34	0	10000	1	1	0	6	0	0	0	1	0.67	20	2.5	1.33	1	8	20
1902	1	1	25	0	8000	1	1	0	8	5	0	0	0	0.5	30	2.5	1	1	8	10
1912	1	2	33	0	16000	1	1	0	6	3	0	0	0	1	20	5	1.67	1	12	10
1913	1	2	24	1	6000	1	1	1	8	5	0	0	0	0.33	10	2.5	1.33	1	8	20
1918	1	1	21	1	10000	1	2	1	1	3	0	0	0	0.5	10	10	1.165	1	8	15
1919	2	2	26	0	24000	1	1	0	2	1	0	0	0	0.5	12	5	1	0	6	30
1920	1	7	55	0	12000	1	2	0	1	5	0	0	0	1	30	2.5	1.17	1	10	15
1921	1	2	26	0	18000	1	2	1	8	0	0	1	0	0.67	20	2.5	0.915	1	10	7.5
1928	1	2	29	1	10000	1	2	0	8	5	0	0	0	1	20	2.5	1.67	1	12	10
1929	1	2	42	1	14000	1	1	1	8	2	0	0	0	0.33	12	2.5	1.165	1	10	17.5
1930	2	1	19	0	5000	1	2	0	11	5	0	0	0	0.33	10	5	0.67	0	10	10
1933	1	2	43	1	12000	1	1	0	8	0	0	1	0	0.5	20	2.5	1.17	1	10	15
1935	2	2	24	0	2000	1	1	0	6	2	0	0	0	0.5	10	10	1	1	10	15
1947	2	1	21	1	12000	1	1	0	8	5	0	0	0	0.67	12	2.5	1	0	8	15
1971	2	2	26	0	10000	1	2	0	2	0	0	1	0	0.5	10	3.75	1.33	1	8	10
1973	1	1	24	1	16000	1	4	0	9	5	0	0	0	1	30	10	1.17	1	10	15
1974	1	1	19	0	4000	1	2	0	2	5	0	0	0	0.67	10	15	0.67	0	8	15
1984	1	2	34	1	10000	1	1	0	8	1	0	0	0	0.33	10	5	0.915	1	11	12.5
1985	2	2	27	0	6000	1	1	0	8	5	0	0	0	0.33	10	2.5	0.33	0	8	5
1987	1	4	35	0	20000	1	2	0	9	3	0	0	0	0.33	12	40	1.67	1	8	20
1990	1	1	62	0	9000	1	1	0	2	4	0	0	0	0.33	10	2.5	0.75	1	8	25
1994	2	1	20	1	4000	1	1	0	8	5	0	0	0	0.75	20	5	2.5	0	8	20
1996	1	1	21	1	20000	1	2	0	2	5	1	0	0	0.67	12	10	1.17	1	12	15
1997	1	1	23	1	10000	1	3	1	9	4	0	0	0	0.67	14	2.5	0.83	0	8	15
2000	2	1	21	1	6000	1	1	0	6	5	0	0	0	0.67	8	5	1.5	1	8	20
2001	2	1	20	0	3000	1	1	1	11	5	0	0	0	0.5	15	6.25	0.67	0	8	5
2009	2	1	25	0	5000	1	1	1	8	2	0	0	0	0.83	20	5	1.17	1	12	35
2011	1	2	32	0	5000	1	1	0	7	0	0	1	0	0.5	4	2.5	0.83	0	8	15
2014	1	2	29	0	4000	1	1	0	8	5	0	0	0	0.67	6	2.5	1	1	8	10
2015	1	2	29	1	10000	1	1	0	8	5	0	0	0	0.5	10	2.5	1	0	8	20
2022	1	2	27	0	6000	1	1	0	2	5	0	0	0	0.5	14	5	1.17	1	8	35
2026	1	1	21	1	4000	1	2	0	8	5	0	0	0	0.33	8	10	0.75	1	12	12.5
2030	2	2	57	0	14000	1	1	0	6	1	0	0	0	0.5	10	10	1.17	1	12	10
2031	1	1	21	1	20000	1	2	0	8	5	0	0	0	1	30	2.5	1.67	1	12	10
2044	2	2	28	1	10000	1	2	0	8	5	0	0	0	0.67	12	2.5	0.83	1	8	10
2048	1	2	31	0	12000	1	2	1	9	2	0	0	0	0.67	30	70	1.67	1	12	10
2051	1	1	24	1	14000	1	2	1	8	4	0	0	0	0.83	12	2.5	1.5	1	10	10
2055	1	1	25	0	8000	1	2	0	2	5	0	0	0	0.67	12	10	1.17	1	8	10
2059	1	7	56	0	35000	1	2	0	8	5	0	0	0	0.5	16	2.5	1.5	1	10	10
2063	1	1	22	1	16000	1	2	0	8	5	0	0	0	0.33	8	5	0.915	1	11	22.5
2065	2	2	37	0	3000	1	1	0	2	5	0	0	0	0.415	9	2.5	1	1	2	10
2068	1	2	26	0	10000	1	1	0	9	5	0	0	0	1	20	10	1.17	1	10	15
2071	2	1	29	1	2000	1	1	0	8	5	0	0	0	0.33	10	2.5	0.67	1	8	10
2079	1	2	33	1	14000	1	1	0	8	5	0	0	0	0.5	12	2.5	0.83	0	8	15
2085	2	1	19	1	8000	1	2	0	1	4	0	0	0	0.33	10	5	0.5	1	8	20
2092	2	2	30	1	4000	1	1	1	6	3	0	0	0	0.67	20	10	1.5	1	8	5
2097	2	2	41	0	10000	1	1	0	6	0	0	1	0	0.33	12	2.5	1	0	10	15
2101	2	1	18	1	5000	1	2	0	2	5	0	0	0	0.585	30	5	0.83	1	8	15
2102	2	1	18	1	8000	1	1	0	8	0	0	1	0	0.67	15	7.5	1.83	1	10	10
2104	1	7	63	1	28000	1	2	0	8	5	0	0	0	0.33	12	2.5	0.585	0	6	15
2107	1	2	28	0	5000	1	1	0	2	5	0	0	0	0.67	14	5	1.17	1	8	10
2108	2	2	27	0	9000	1	1	0	8	5	0	0	0	0.915	18	2.5	2	1	12	15
2109	2	1	22	0	10000	1	2	1	6	5	0	0	0	0.67	14	2.5	1.33	1	8	15
2112	1	4	54	0	35000	1	3	0	6	5	0	0	0	0.83	30	5	1.17	1	10	15
2116	1	7	47	1	20000	1	2	0	8	5	0	0	0	0.33	10	2.5	1	1	8	10
2127	2	2	29	0	2000	1	1	0	6	0	0	0	1	0.5	14	5	1.17	1	6	70
2128	2	1	28	1	10000	1	2	1	6	1	0	0	0	0.915	20	5	1.67	1	10	10
2132	2	1	19	0	9000	1	1	0	2	5	0	0	0	0.67	19	6.25	1	1	6	20
2135	2	1	24	1	9000	1	2	0	1	5	0	0	0	0.75	30	6.25	1.67	1	8	60
2138	1	5	31	1	10000	1	1	0	9	5	1	0	0	1.17	30	2.5	1.67	1	12	10
2141	1	2	57	0	16000	1	2	0	8	5	0	0	0	0.5	10	60	0.83	0	8	15
2142	1	2	29	0	3000	1	2	0	8	5	0	0	0	1	20	25	1	1	8	15
2145	1	2	43	0	8000	1	1	1	2	2	1	0	0	0.67	12	5	1	1	8	15
2146	2	1	25	1	10000	1	2	1	8	5	0	0	0	0.5	10	5	0.67	1	8	10
2150	1	2	34	1	3000	1	1	1	8	2	0	0	0	1	16	70	1	1	8	10
2163	1	1	20	0	5000	1	2	1	8	5	0	0	0	1	12	10	0.92	1	9	25
2164	2	2	28	0	16000	1	2	0	6	1	0	0	0	0.915	20	5	2	1	12	5
2166	2	4	30	0	10000	1	1	0	8	5	0	0	0	1	20	2.5	1.5	1	12	20
2171	2	1	20	0	3000	1	2	1	6	5	0	0	0	0.915	18	2.5	2.33	1	16	30
2172	1	1	21	0	10000	1	4	0	8	5	0	0	0	1.17	20	5	1.17	1	10	15
2181	1	2	31	0	10000	1	2	0	11	1	0	0	0	0.33	10	5	1.67	1	12	10
2182	1	2	40	0	12000	1	1	1	2	2	0	0	0	0.33	14	2.5	1.915	1	15	10
2185	2	1	20	0	3000	1	1	0	8	5	0	0	0	0.67	15	7.5	2	1	12	40
2186	2	2	44	1	12000	1	1	0	1	2	0	0	0	0.5	10	10	1	0	8	20
2193	2	2	27	0	2000	1	2	0	2	0	0	0	1	0.67	14	2.5	2.67	1	10	15
2200	2	1	24	1	1000	1	1	1	8	5	0	0	0	0.415	9	2.5	0.67	1	8	10
2204	1	1	23	1	8000	1	1	1	8	5	0	0	0	0.33	14	2.5	0.67	0	8	15
2207	1	6	35	0	16000	1	1	0	8	2	0	0	0	0.83	8	5	1.17	1	8	35
2209	2	2	30	0	2000	1	1	0	8	5	0	0	0	0.33	10	5	1	1	8	2.5
2211	1	1	22	1	3000	1	1	0	9	5	1	0	0	0.67	6	5	0.83	0	8	20
2214	2	1	19	1	2000	1	1	0	1	5	0	0	0	0.67	15	7.5	0.83	1	12	25
2218	2	1	22	0	5000	1	1	0	8	5	0	0	0	0.5	10	2.5	0.5	0	6	15
2237	2	1	25	0	4000	1	1	0	6	1	0	0	0	0.75	20	5	2	0	6	5
2240	2	2	26	0	4000	1	1	0	8	5	0	0	0	0.5	10	5	1.17	1	10	10
2242	2	1	28	1	1000	1	3	0	8	3	0	0	0	1	20	2.5	1.33	1	14	15
2245	2	1	27	0	7000	1	1	0	6	5	0	0	0	0.67	20	10	2	0	10	15
2249	1	2	25	1	8000	1	2	0	9	5	1	0	0	0.33	16	2.5	0.585	0	6	15
2252	2	1	30	1	3000	1	1	0	8	3	0	0	0	1	20	2.5	1.33	1	8	20
2256	1	2	34	0	5000	1	2	0	8	5	0	0	0	0.67	30	10	1.085	1	8	15
2259	1	7	56	0	9000	1	1	0	8	3	0	0	0	0.5	12	15	1	1	8	10
2261	1	2	37	0	7000	1	2	0	9	2	0	0	0	0.83	16	2.5	1.5	1	10	10
2266	2	2	28	1	3000	1	1	0	1	5	0	0	0	0.585	30	5	0.83	1	8	15
2283	2	1	33	0	5000	1	1	0	6	3	0	0	0	0.67	19	6.25	1.33	1	8	30
2286	1	7	29	1	4000	1	1	0	8	3	0	0	0	0.67	14	10	1.67	1	12	10
2296	2	2	25	0	4000	1	1	0	8	5	0	0	0	0.5	18	5	0.67	1	8	20
2304	2	1	22	1	5000	1	1	0	8	5	0	0	0	1	20	2.5	2.17	1	12	20
2308	2	1	20	1	18000	1	1	0	8	5	0	0	0	0.5	10	2.5	0.5	0	8	20
2316	1	7	42	1	20000	1	1	0	8	5	0	0	0	0.67	18	2.5	1	1	8	15
2325	2	1	21	0	1000	1	1	1	6	5	0	0	0	0.5	18	5	1.5	1	16	10
2339	1	2	27	0	3000	1	2	0	2	5	0	0	0	0.83	8	5	0.75	1	8	10
2343	2	1	21	1	30000	1	1	0	8	5	0	0	0	0.75	30	6.25	1.17	1	10	30
2345	1	2	41	1	35000	1	2	0	3	5	0	0	0	0.33	16	10	1	1	8	10
2354	1	2	31	1	14000	1	1	0	4	1	0	0	0	0.67	14	15	0.67	1	8	30
2356	1	4	38	1	12000	1	1	0	2	5	0	0	0	0.67	18	2.5	1	1	8	10
2361	2	1	22	0	4000	1	1	0	2	2	0	0	0	0.67	20	10	1.67	1	8	15
2367	1	2	31	0	3000	1	1	0	2	5	1	0	0	0.5	18	2.5	0.83	1	12	10
2370	2	1	48	0	5000	1	2	1	2	5	1	0	0	0.5	10	2.5	1.67	0	14	10
2377	2	1	25	1	1000	1	1	1	2	3	0	0	0	0.5	10	5	0.67	1	10	20
2388	2	1	20	0	2000	1	1	0	6	5	0	0	0	1	18	10	1.67	1	12	25
2395	1	2	32	1	2000	1	2	0	8	5	0	0	0	0.67	10	15	0.67	0	8	15
2399	1	1	21	1	22000	1	2	0	8	4	0	0	0	0.83	10	5	1.17	1	10	15
2409	2	1	27	0	10000	1	2	0	2	5	0	0	0	1	30	2.5	2	1	12	15
2412	1	1	22	1	12000	1	2	1	8	5	0	0	0	0.5	10	10	0.67	0	8	15
2414	2	1	21	1	6000	1	1	1	8	5	0	0	0	0.5	10	3.75	0.5	1	8	15
2416	1	2	31	0	20000	1	1	1	8	0	0	0	1	0.67	10	10	1	1	8	10
2425	1	1	34	0	4000	1	1	1	6	5	0	0	0	0.5	8	15	1	1	8	20
2426	1	2	33	0	10000	1	2	0	8	2	0	0	0	0.67	20	2.5	0.67	1	8	30
2429	1	2	25	0	7000	1	1	0	2	5	0	0	0	0.67	12	5	1.5	1	10	10
2433	2	1	22	1	3000	1	1	0	1	4	0	0	0	0.5	12	10	1	1	14	20
2434	1	2	23	0	5000	1	2	0	2	5	0	0	0	0.83	14	5	0.835	1	8	25
2440	2	1	20	1	4000	1	1	0	2	5	0	0	0	0.33	8	5	0.5	1	16	15
2448	2	2	27	0	6000	1	1	0	8	4	0	0	0	0.67	12	2.5	1.17	1	4	20
2454	2	1	20	1	35000	1	2	0	1	4	0	0	0	0.5	10	5	0.83	1	8	5
2461	2	1	24	1	2000	1	1	0	8	5	0	0	0	0.67	16	2.5	0.83	1	8	10
2464	1	2	33	1	3000	1	1	0	1	1	0	0	0	0.33	10	2.5	1.085	1	8	15
2475	1	7	51	0	10000	1	1	0	11	3	1	0	0	1	20	30	1.25	1	8	15
2480	1	1	48	1	9000	1	1	1	8	4	0	0	0	0.83	14	70	0.75	1	8	25
2482	1	1	20	0	10000	1	3	1	6	5	0	0	0	0.5	30	10	1	1	8	15
2487	1	1	21	1	3000	1	1	0	8	5	1	0	0	0.5	8	15	1	1	12	20
2494	2	1	20	1	10000	1	1	0	2	5	0	0	0	0.415	9	2.5	0.83	1	16	10
2497	1	1	21	0	28000	1	4	0	8	5	0	0	0	0.33	6	2.5	0.67	1	8	10
2498	2	1	23	1	8000	1	1	0	8	5	0	0	0	1	30	2.5	1.67	1	8	20
2506	2	1	22	0	8000	1	1	0	8	5	1	0	0	0.5	10	5	0.83	1	6	2.5
2509	2	2	45	1	4000	1	1	0	8	5	0	0	0	0.5	12	5	0.5	0	6	15
2512	2	1	59	0	5000	1	1	0	6	5	0	0	0	1	30	2.5	1.83	1	8	10
2516	2	1	22	0	4000	1	1	0	6	5	0	0	0	0.67	19	6.25	1.17	1	6	10
2522	1	1	26	1	3000	1	1	0	8	5	0	0	0	0.5	12	15	1	1	8	15
2536	1	1	23	1	5000	1	3	1	6	5	1	0	0	1	10	70	1	1	8	10
2539	2	1	59	0	3000	1	1	0	6	3	0	0	0	0.5	18	2.5	0.83	1	12	10
2541	1	1	56	0	10000	1	2	0	6	5	0	0	0	0.33	10	5	0.67	0	11	12.5
2543	2	1	23	0	9000	1	1	1	8	5	0	0	0	0.67	14	5	0.83	1	8	25
2544	1	2	27	1	10000	1	2	0	8	0	0	1	0	0.67	8	10	1	1	8	10
2556	2	1	25	1	7000	1	1	0	1	5	0	0	0	0.67	19	6.25	2	1	6	10
2560	1	2	27	0	10000	1	3	0	8	4	0	0	0	0.67	30	5	1.67	1	12	10
2561	1	2	25	1	10000	1	1	0	10	1	0	0	0	0.5	10	2.5	0.83	1	12	17.5
2563	2	1	21	0	1000	1	1	1	6	5	0	0	0	0.33	10	5	1.5	0	10	15
2569	2	1	22	0	2000	1	1	0	1	5	0	0	0	0.33	12	2.5	1.5	1	14	15
2571	2	1	23	0	18000	1	2	1	6	4	0	0	0	0.585	30	5	0.83	1	10	20
2574	2	1	25	0	6000	1	2	0	2	5	0	0	0	0.33	8	5	1	1	8	10
2582	2	1	23	1	3000	1	1	0	2	5	1	0	0	0.835	14	20	0.67	0	14	40
2592	1	2	25	1	20000	1	2	1	8	3	0	0	0	0.5	14	2.5	1.085	1	8	15
2597	1	2	25	1	10000	1	2	0	8	5	0	0	0	0.67	14	10	0.67	0	8	15
2612	1	1	23	1	5000	1	1	0	11	5	0	0	0	0.83	14	2.5	1.33	1	8	20
2615	2	1	23	0	7000	1	1	0	6	5	0	0	0	0.5	30	5	1	1	8	25
2619	2	2	23	0	8000	1	2	0	8	5	0	0	0	0.75	20	5	1.83	1	16	15
2636	1	2	53	0	10000	1	1	0	6	1	0	1	0	0.67	18	10	1.415	1	7	15
2639	1	2	29	0	12000	1	3	0	8	5	0	0	0	1	30	70	1.17	1	10	15
2644	1	2	64	0	14000	1	2	1	6	0	0	0	1	0.5	10	5	0.585	0	6	15
2656	2	1	20	1	7000	1	1	1	1	4	0	0	0	1	30	2.5	1.5	1	8	25
2657	1	7	62	0	16000	1	1	0	2	5	0	0	0	0.83	16	5	1	1	8	10
2661	2	1	20	1	6000	1	1	0	8	4	0	0	0	0.83	20	5	0.5	0	12	10
2670	1	1	27	0	10000	1	2	0	8	5	0	0	0	0.33	6	5	0.75	1	12	12.5
2678	1	1	24	0	5000	1	3	1	6	4	0	0	0	0.33	14	2.5	1	1	8	10
2679	1	1	23	1	8000	1	1	0	1	4	0	0	0	0.33	8	5	0.83	0	10	15
2681	1	2	34	1	8000	1	1	0	7	1	0	0	0	1	10	10	1	0	8	20
2687	2	1	21	1	12000	1	1	0	8	5	0	0	0	0.5	10	2.5	0.67	0	8	2.5
2688	2	2	27	0	16000	1	3	0	2	5	0	0	0	0.5	10	2.5	1.17	0	6	20
2698	2	1	29	1	7000	1	1	1	6	5	0	0	0	0.5	10	10	1	0	8	30
2702	1	7	63	1	18000	1	1	0	8	5	0	0	0	0.5	8	10	1	1	8	10
2704	2	1	21	0	6000	1	2	0	6	5	0	0	0	0.75	30	6.25	1	1	8	10
2705	2	1	18	1	12000	1	1	1	8	5	0	0	0	0.585	30	5	0.67	1	12	10
2709	1	1	21	0	7000	1	3	0	1	4	0	0	0	0.33	30	10	0.83	1	8	15
2712	1	1	23	1	20000	1	2	1	9	5	0	0	0	0.5	12	2.5	0.67	0	11	12.5
2715	1	2	31	1	12000	1	1	1	10	5	0	0	0	0.33	12	40	0.67	1	8	10
2716	2	1	50	0	3000	1	1	1	6	3	0	0	0	0.5	10	2.5	1.5	1	14	30
2722	1	2	31	0	4000	1	1	0	8	5	0	0	0	0.67	12	2.5	1	1	8	15
2725	2	1	22	1	5000	1	2	1	6	5	0	0	0	0.33	12	2.5	1.5	1	10	30
2736	1	1	20	1	35000	1	1	0	8	5	0	0	0	0.5	10	5	0.83	0	8	15
2747	2	2	26	1	4000	1	1	0	8	5	0	0	0	1	6	2.5	0.83	1	8	5
2753	1	1	25	0	3000	1	1	0	2	5	0	0	0	0.67	6	10	0.67	1	8	10
2756	2	1	21	0	12000	1	2	0	1	4	0	0	0	0.67	12	2.5	0.83	0	8	5
2760	1	7	29	0	2000	1	1	0	2	5	0	0	0	0.5	14	2.5	1	1	8	10
2763	1	1	19	0	2000	1	1	0	8	5	0	0	0	0.5	10	2.5	0.83	0	10	15
2766	2	1	23	1	5000	1	1	0	8	4	0	0	0	0.67	12	2.5	1.33	1	8	20
2768	2	1	21	1	4000	1	1	0	8	5	0	0	0	0.67	8	10	1.17	1	8	25
2778	2	1	19	1	1000	1	1	0	11	5	0	0	0	1	30	2.5	2.5	0	2	10
2782	2	1	40	0	2000	1	1	0	6	4	0	0	0	0.5	12	5	0.67	0	12	5
2783	2	1	18	1	10000	1	3	0	6	5	0	0	0	1	30	2.5	1.5	1	12	40
2784	1	1	22	1	7000	1	2	1	8	5	0	0	0	0.67	12	5	1.25	1	14	17.5
2785	2	1	22	0	7000	1	1	1	8	5	0	0	0	1	30	2.5	1.67	0	16	2.5
2786	1	2	43	0	3000	1	2	1	2	4	0	0	0	0.5	30	5	1.915	1	8	15
2787	2	2	38	0	3000	1	1	1	2	5	0	0	0	0.5	10	5	2.5	1	8	10
2789	2	2	29	0	3000	1	1	0	8	5	0	0	0	1	20	2.5	1.5	1	12	2.5
2791	1	4	33	0	12000	1	1	0	11	2	1	0	0	0.33	20	2.5	0.83	0	8	15
2797	1	1	24	1	2000	1	1	1	11	1	0	0	0	1	10	5	1.915	1	8	15
2800	2	2	54	1	7000	1	2	1	8	5	1	0	0	0.5	10	5	1.5	0	10	40
2807	2	1	25	0	5000	1	1	1	2	3	0	0	0	0.835	21	5	1.5	1	10	20
2808	1	2	28	1	8000	1	1	0	2	5	1	0	0	0.5	6	5	1	1	8	10
2811	1	1	24	1	10000	1	2	1	8	3	0	0	0	0.67	14	5	1.67	1	8	20
2816	2	2	32	0	4000	1	1	0	2	3	0	0	0	0.67	17	6.25	0.67	0	6	45
2818	2	1	25	0	4000	1	2	0	6	0	0	1	0	0.5	10	3.75	1	1	8	20
2825	1	2	30	0	18000	1	1	1	8	3	1	0	0	0.5	20	10	0.585	0	6	15
2828	2	1	28	1	8000	1	1	1	7	4	0	0	0	0.67	15	7.5	0.83	0	10	60
2838	2	1	22	0	10000	1	1	0	11	5	0	0	0	0.33	10	5	0.5	1	8	2.5
2839	1	1	23	1	6000	1	3	0	1	5	0	0	0	0.33	14	10	0.83	1	8	2.5
2840	1	7	58	1	35000	1	1	0	11	5	0	0	0	0.5	16	2.5	1.5	1	10	10
2841	2	2	29	0	10000	1	3	0	7	5	0	0	0	0.5	14	3.75	1	1	8	30
2842	2	1	23	0	16000	1	2	1	8	5	0	0	0	0.5	10	5	0.5	0	10	20
2848	1	1	22	1	20000	1	2	0	1	5	0	0	0	0.5	30	10	1.17	1	8	15
2850	2	2	34	1	4000	1	1	1	8	5	1	0	0	0.67	15	7.5	1.5	0	16	10
2851	2	1	22	1	10000	1	3	0	1	5	0	0	0	0.5	18	15	1.5	1	8	30
2852	1	1	24	0	8000	1	3	0	6	4	0	0	0	0.67	8	5	1.5	1	8	20
2861	2	2	30	1	4000	1	1	0	8	5	0	0	0	0.17	30	10	0.5	1	4	20
2868	2	2	54	1	5000	1	1	0	8	4	0	0	0	0.5	14	5	1.33	1	12	15
2884	2	1	24	1	3000	1	1	1	6	5	0	0	0	0.5	30	5	1.5	1	10	10
2888	2	1	20	1	5000	1	1	0	8	5	0	0	0	0.33	6	2.5	0.67	1	8	10
2892	2	1	24	0	6000	1	1	1	11	5	0	0	0	0.67	8	10	1.5	1	6	45
2894	1	2	24	0	4000	1	2	0	8	5	0	0	0	0.83	10	20	1.17	1	8	10
2897	1	1	21	1	3000	1	1	0	8	4	0	0	0	0.67	16	15	1.17	1	8	15
2898	1	1	26	1	24000	1	2	1	6	5	0	0	0	1	30	25	1.67	1	12	10
2901	2	1	18	1	4000	1	2	0	8	5	0	0	0	0.915	18	2.5	1	1	12	20
2904	1	2	48	0	6000	1	1	0	6	2	0	0	0	0.33	20	2.5	1	1	8	10
2912	2	1	24	1	6000	1	2	0	8	5	0	0	0	0.75	20	5	1.5	0	8	40
2921	2	1	24	1	10000	1	1	0	8	5	1	0	0	0.5	10	5	1	1	4	10
2926	2	1	21	1	4000	1	2	1	8	5	0	0	0	0.5	10	3.75	0.83	1	8	20
2932	1	1	21	1	35000	1	3	0	8	5	0	0	0	0.17	16	2.5	0.67	1	8	10
2940	1	1	22	0	12000	1	2	0	2	5	0	0	0	0.33	30	15	0.67	1	8	10
2952	2	1	24	0	12000	1	1	0	8	1	0	0	0	0.5	10	2.5	0.83	0	8	25
2955	2	1	23	1	7000	1	2	0	2	3	0	0	0	0.67	6	5	0.83	0	8	20
2962	1	1	19	1	12000	1	2	0	2	5	0	0	0	0.67	10	10	1	1	8	10
2966	2	1	20	0	5000	1	1	0	11	3	0	0	0	0.67	19	6.25	1.33	1	8	10
2970	2	1	51	1	7000	1	1	0	6	4	0	0	0	0.33	10	5	1	1	8	20
2977	1	1	23	1	18000	1	3	0	8	5	0	0	0	0.5	10	10	0.83	1	6	10
2979	1	2	28	1	4000	1	1	0	8	5	0	0	0	0.5	12	15	0.67	1	8	10
2982	2	1	22	1	5000	1	2	0	6	4	0	0	0	0.58	12	36.25	0.5	0	8	20
2987	2	1	21	1	5000	1	1	0	8	5	0	0	0	0.67	8	5	1.17	1	8	10
3004	2	7	50	0	35000	1	1	1	1	5	1	0	0	0.5	10	5	0.5	0	8	15
3016	2	1	21	0	20000	1	2	0	1	5	0	0	0	0.83	20	5	1.33	1	16	5
3025	2	1	23	0	7000	1	1	0	11	0	1	0	0	0.5	10	3.75	1.5	1	8	5
3027	1	5	51	1	10000	1	1	0	11	5	0	0	0	0.33	16	2.5	1	1	8	10
3033	1	1	23	1	6000	1	1	1	8	1	0	0	0	0.5	20	2.5	1.33	1	8	20
3035	2	1	19	0	20000	1	1	1	2	5	0	0	0	0.5	12	5	0.83	0	8	15
3036	2	2	29	0	6000	1	1	1	8	2	0	0	0	0.67	8	10	1	1	8	15
3037	2	3	24	1	22000	1	1	1	8	5	0	0	0	0.5	10	2.5	0.67	0	8	15
3039	2	2	32	1	8000	1	1	1	8	1	0	0	0	0.835	14	20	0.83	1	12	10
3040	2	1	21	0	1000	1	1	0	8	5	0	0	0	0.67	19	6.25	1.5	1	10	15
3043	2	1	21	0	4000	1	1	0	8	3	0	0	0	0.33	10	2.5	0.67	0	10	10
3044	2	1	20	0	2000	1	1	0	1	4	0	0	0	1	20	2.5	2	1	12	5
3047	2	1	21	0	12000	1	1	0	8	5	0	0	0	0.5	12	3.75	0.67	1	6	30
3048	1	2	39	0	7000	1	1	0	8	0	0	1	0	1.17	20	10	2	1	10	15
3053	2	1	23	0	7000	1	1	0	6	0	1	0	0	0.67	15	7.5	0.5	0	12	20
3054	2	1	19	0	10000	1	1	0	2	5	0	0	0	0.83	20	5	1.5	1	12	30
3056	1	1	44	1	2000	1	1	0	8	5	0	0	0	0.33	4	20	0.33	1	14	2.5
3062	1	1	23	0	10000	1	2	1	8	5	0	0	0	0.33	16	15	0.585	0	6	15
3064	1	7	33	0	8000	1	1	0	6	3	0	0	0	1.17	14	2.5	1.33	1	8	20
3068	2	1	45	1	35000	1	3	0	11	0	0	0	1	0.83	20	5	1	1	10	20
3069	1	1	36	1	8000	1	1	1	1	5	0	0	0	0.33	6	2.5	1	1	8	10
3074	2	2	28	0	4000	1	1	0	8	5	0	0	0	1	20	2.5	2.5	1	12	20
3076	2	1	24	0	6000	1	1	0	2	5	0	0	0	0.835	14	20	1.5	1	12	10
3082	1	2	31	0	5000	1	1	0	8	5	0	0	0	0.33	10	2.5	0.67	1	8	10
3086	1	1	24	1	7000	1	3	0	8	4	0	0	0	0.83	12	30	1	1	8	10
3088	1	2	32	1	6000	1	2	0	8	0	1	0	0	0.33	10	5	0.67	1	8	10
3092	2	1	23	0	3000	1	2	1	1	5	0	0	0	0.5	30	5	0.67	1	8	10
3097	1	2	38	1	16000	1	1	1	8	2	0	0	0	0.33	8	5	1	1	8	10
3098	2	2	28	1	10000	1	1	1	8	2	0	0	0	0.415	9	2.5	0.67	1	8	5
3099	2	1	32	0	14000	1	1	1	3	5	0	0	0	0.5	10	5	0.33	0	8	20
3103	2	2	29	1	6000	1	1	0	8	5	0	0	0	1	6	2.5	1.33	1	10	25
3106	1	7	77	1	10000	1	1	0	8	5	0	0	0	0.5	16	2.5	1.5	1	10	10
3107	1	1	35	1	3000	1	1	1	8	5	0	0	0	1	10	25	1.25	1	14	17.5
3109	2	1	19	0	22000	1	2	1	2	2	0	0	0	0.5	15	5	0.5	0	4	15
3115	1	1	24	1	10000	1	3	1	8	5	1	0	0	0.5	6	5	0.67	1	8	10
3116	2	1	20	1	2000	1	1	0	8	5	0	0	0	0.835	21	5	1.33	1	12	10
3118	1	1	44	0	6000	1	2	1	6	5	0	0	0	0.5	6	2.5	1.67	1	8	20
3122	1	4	31	0	10000	1	1	0	11	5	0	0	0	0.17	6	2.5	0.83	1	10	10
3123	1	6	30	1	14000	1	1	0	8	5	0	0	0	0.83	20	2.5	1.67	1	12	10
3132	2	1	20	0	16000	1	2	1	8	4	0	0	0	0.5	10	5	0.67	1	8	10
3133	1	2	27	0	14000	1	1	0	8	5	0	0	0	0.33	10	30	0.83	0	10	15
3135	1	3	49	0	12000	1	1	1	2	2	0	0	0	0.67	12	10	0.83	0	8	15
3136	1	2	26	0	2000	1	1	0	8	5	0	0	0	0.5	6	2.5	0.92	1	9	25
3137	1	4	55	1	5000	1	1	0	2	5	0	0	0	0.83	18	2.5	1.67	1	12	10
3141	1	4	52	0	7000	1	1	0	10	5	1	0	0	0.67	12	2.5	1	1	8	10
3145	1	2	26	0	9000	1	1	1	8	5	1	0	0	0.33	10	10	0.915	1	11	12.5
3148	2	1	42	1	12000	1	1	1	6	5	0	0	0	0.33	12	2.5	2	1	12	5
3153	1	4	44	1	4000	1	1	0	11	5	0	0	0	1	12	5	1.67	1	12	10
3156	2	2	39	1	10000	1	1	0	8	0	0	0	1	0.5	18	15	1	1	8	20
3159	1	2	26	0	14000	1	2	0	8	5	0	0	0	0.33	10	2.5	0.67	1	8	10
3163	2	2	27	1	6000	1	1	1	2	5	0	0	0	0.67	20	10	1.5	0	8	20
3168	1	2	51	1	10000	1	1	1	6	3	0	0	0	0.67	20	2.5	1.415	1	7	15
3170	1	4	50	1	10000	1	2	0	6	5	0	0	0	1	30	2.5	1.67	1	12	10
3175	2	1	33	1	3000	1	1	1	6	5	0	0	0	0.835	14	20	1.17	1	14	25
3179	1	5	25	1	3000	1	2	0	3	5	0	0	0	0.5	30	10	0.67	0	11	12.5
3183	2	1	25	0	6000	1	1	0	2	2	0	0	0	0.915	20	5	1.83	0	12	5
3186	1	2	27	1	5000	1	3	0	8	4	0	0	0	0.67	14	2.5	0.665	0	10	10
3187	2	1	22	0	3000	1	1	1	6	5	0	0	0	0.17	30	10	1.33	1	12	15
3189	2	1	22	1	20000	1	2	0	8	5	0	0	0	0.83	20	5	1.5	1	6	20
3194	2	1	27	0	5000	1	1	0	6	3	0	0	0	0.17	30	10	0.17	1	10	35
3195	1	7	45	0	16000	1	2	0	2	5	0	0	0	0.5	10	2.5	0.75	1	8	10
3196	1	1	21	1	7000	1	1	1	11	3	0	0	0	0.83	14	5	1.67	1	14	20
3197	1	2	50	0	18000	1	2	0	2	5	0	0	0	0.83	16	10	1.33	1	8	20
3205	2	1	22	0	5000	1	1	0	2	5	0	0	0	0.585	30	5	1	1	8	10
3213	2	1	22	1	3000	1	1	0	6	5	0	0	0	0.835	14	20	2.67	1	12	30
3218	1	1	58	0	7000	1	1	1	6	5	0	0	0	0.67	16	5	1	1	8	10
3219	1	2	29	0	7000	1	1	0	6	0	0	0	1	0.5	4	10	0.83	0	8	15
3221	2	1	22	1	1000	1	1	1	8	5	0	0	0	0.75	20	5	1	1	14	2.5
3222	1	5	29	0	6000	1	3	0	8	5	0	0	0	0.33	6	2.5	0.75	1	8	10
3227	1	1	24	1	8000	1	2	0	8	5	0	0	0	1	20	5	1.67	1	12	10
3231	1	1	19	1	7000	1	3	0	1	5	0	0	0	0.33	8	5	0.67	1	8	10
3237	2	7	34	1	16000	1	1	0	8	5	0	0	0	0.33	6	2.5	0.67	0	8	15
3241	1	2	49	0	9000	1	1	1	8	1	0	0	0	0.5	12	2.5	0.83	0	8	15
3247	1	7	52	1	20000	1	2	0	8	5	0	0	0	0.33	12	10	0.67	1	8	10
3250	1	2	35	0	12000	1	2	0	2	5	0	0	0	1	30	10	1.5	1	2	15
3251	1	1	25	0	7000	1	1	1	8	4	0	0	0	0.67	18	2.5	1.67	1	12	10
3256	1	4	54	0	9000	1	3	1	8	5	0	0	0	0.5	18	5	1.5	1	10	15
3257	1	2	22	1	5000	1	1	1	8	5	0	0	0	0.5	30	15	1	0	8	15
3262	1	5	26	1	4000	1	3	1	10	5	1	0	0	0.5	20	5	0.915	1	11	12.5
3271	2	1	22	1	3000	1	2	0	2	5	1	0	0	0.835	14	20	1	1	12	15
3273	1	1	24	0	24000	1	2	0	9	4	0	0	0	0.67	14	2.5	1.33	1	8	20
3274	2	1	21	0	5000	1	1	0	9	3	0	0	0	0.33	12	2.5	1	1	10	10
3278	2	2	25	1	10000	1	1	0	8	5	0	0	0	0.67	12	10	1.17	1	6	5
3281	2	1	22	0	35000	1	1	1	6	3	0	0	0	0.5	12	3.75	1	1	4	10
3284	1	1	20	0	10000	1	3	0	6	3	0	0	0	0.17	8	2.5	0.67	1	8	10
3285	1	2	30	1	5000	1	1	0	8	3	0	0	0	0.33	8	2.5	1.335	1	8	35
3293	1	7	60	1	35000	1	3	0	8	4	0	0	0	0.67	20	5	0.67	0	8	15
3299	2	1	23	1	2000	1	1	1	6	3	0	0	0	0.5	10	3.75	0.67	1	12	15
3302	2	1	19	0	16000	1	1	1	9	1	0	0	0	0.5	10	5	1.17	0	4	15
3312	1	2	27	0	4000	1	1	0	2	1	0	0	0	0.33	8	5	1.335	1	8	35
3314	1	1	29	0	35000	1	3	0	8	0	0	0	1	1	16	10	1.17	1	10	15
3316	2	2	25	1	5000	1	1	0	8	5	0	0	0	1	30	2.5	1.67	1	12	2.5
3318	2	2	25	0	5000	1	3	1	8	4	0	0	0	0.67	15	7.5	1.67	1	18	5
3319	2	2	31	1	18000	1	2	1	8	0	0	1	0	0.5	10	10	1	1	10	20
3325	1	7	53	1	8000	1	1	0	2	5	1	0	0	0.33	10	2.5	0.67	1	8	10
3328	2	2	26	0	10000	1	1	0	8	5	0	0	0	0.67	12	2.5	0.67	0	6	10
3332	1	7	37	1	8000	1	2	0	8	5	0	0	0	0.5	20	5	0.67	1	8	10
3335	1	2	36	0	10000	1	1	0	8	5	0	0	0	0.5	16	5	1.17	1	8	10
3338	2	1	19	1	16000	1	2	0	8	4	0	0	0	0.5	12	5	0.67	0	8	2.5
3342	1	1	25	1	14000	1	3	0	1	5	0	0	0	0.33	10	2.5	0.67	0	8	15
3344	1	2	56	1	12000	1	1	1	8	2	0	0	0	0.67	16	2.5	1	1	8	15
3350	2	1	22	1	3000	1	1	0	6	2	0	0	0	0.33	10	5	1	1	10	35
3351	1	7	40	0	10000	1	2	0	8	5	0	0	0	0.33	6	2.5	1.67	1	8	20
3355	1	2	62	1	26000	1	1	1	8	0	0	1	0	0.5	20	5	1	1	8	15
3356	1	2	26	0	20000	1	3	0	1	5	0	0	0	1	30	15	1.17	1	10	15
3360	2	1	55	0	4000	1	1	0	6	2	0	0	0	0.5	10	5	1.83	1	12	20
3369	2	1	29	1	10000	1	2	0	8	5	0	0	0	0.67	16	2.5	1.5	1	8	10
3374	1	2	45	1	28000	1	1	0	2	0	1	0	0	0.5	12	30	1.67	1	12	10
3377	1	1	23	0	10000	1	1	1	6	5	0	0	0	0.67	4	2.5	0.67	0	8	15
3379	2	1	29	0	4000	1	1	0	8	0	0	0	1	0.5	10	5	0.83	1	16	10
3383	1	1	21	0	2000	1	2	1	1	5	1	0	0	0.5	30	40	1.25	1	14	17.5
3385	1	4	32	0	5000	1	1	0	2	5	0	0	0	0.5	14	10	1	1	8	25
3391	1	2	28	1	14000	1	3	0	8	2	0	0	0	0.83	30	2.5	1.335	1	8	17.5
3398	1	2	25	0	4000	1	2	0	2	5	0	0	0	0.5	16	10	1.67	1	8	20
3406	1	2	29	1	20000	1	3	1	8	2	0	0	0	0.83	10	2.5	1.5	1	10	10
3409	2	1	21	0	14000	1	2	1	1	5	0	0	0	0.5	10	5	1.5	1	8	10
3418	2	1	23	0	4000	1	1	0	2	5	0	0	0	0.5	12	2.5	1.67	1	8	45
3419	1	1	22	1	12000	1	2	0	8	5	0	0	0	1	30	5	0.83	1	8	15
3420	1	1	22	0	7000	1	1	0	6	5	0	0	0	0.33	6	2.5	0.67	1	8	10
3426	2	1	56	0	5000	1	1	0	2	0	0	1	0	0.585	30	5	1	1	6	15
3427	2	1	23	0	2000	1	2	1	6	3	0	0	0	0.835	14	20	2	1	16	2.5
3431	2	1	19	0	12000	1	2	0	8	5	0	0	0	0.67	17	6.25	1	1	6	20
3440	1	2	27	0	7000	1	2	1	2	0	0	1	0	0.67	20	2.5	1	1	8	25
3444	1	2	26	0	7000	1	1	0	6	0	0	1	0	0.5	6	5	0.67	0	8	15
3446	1	6	30	1	7000	1	1	0	8	4	0	0	0	0.83	12	5	1.67	1	12	10
3447	1	2	34	1	14000	1	2	0	2	3	0	0	0	0.5	30	15	0.83	1	8	15
3461	2	1	25	1	12000	1	1	1	7	2	0	0	0	0.33	10	2.5	2	1	10	20
3471	2	2	37	0	4000	1	1	0	2	5	0	0	0	0.415	11	2.5	2	1	14	5
3473	1	1	29	1	20000	1	2	0	8	0	0	1	0	0.83	12	2.5	1.33	1	8	20
3478	1	2	26	1	20000	1	1	0	8	5	0	0	0	0.33	10	2.5	0.83	0	8	15
3480	2	1	21	1	3000	1	1	1	11	2	0	0	0	0.75	30	6.25	1	1	8	10
3485	1	2	30	0	10000	1	1	1	8	3	0	0	0	0.33	6	2.5	0.67	0	11	12.5
3488	2	1	20	0	4000	1	1	0	8	5	0	0	0	0.5	10	5	1	1	4	10
3490	2	1	25	1	10000	1	2	0	8	5	0	0	0	0.5	12	5	0.67	0	8	15
3491	1	2	27	1	3000	1	1	0	8	5	1	0	0	1	20	2.5	1.25	1	12	25
3497	1	1	22	1	16000	1	2	0	11	2	0	0	0	0.33	10	2.5	1	1	8	10
3501	1	2	38	1	6000	1	2	0	1	5	0	0	0	0.67	6	5	1	1	8	10
3504	2	1	20	1	4000	1	1	0	8	5	0	0	0	0.5	12	5	1	0	8	25
3513	1	1	25	0	10000	1	2	1	6	1	0	0	0	0.5	14	5	0.83	0	8	15
3519	1	2	24	1	4000	1	1	0	8	5	0	0	0	1	16	10	1.67	1	12	25
3532	2	1	24	0	8000	1	1	0	6	2	0	0	0	0.5	10	5	1	0	12	20
3540	2	1	27	1	4000	1	1	1	11	5	0	0	0	0.33	10	5	0.33	1	10	25
3542	1	2	50	0	14000	1	2	0	8	2	0	0	0	0.67	20	5	1	1	10	25
3553	2	2	24	1	2000	1	1	1	8	5	0	0	0	0.67	14	2.5	0.17	0	10	5
3555	2	2	24	0	5000	1	1	0	7	5	0	0	0	0.67	12	2.5	1	1	4	15
3556	1	1	22	0	5000	1	2	0	6	5	1	0	0	0.67	30	10	1	1	8	10
3558	2	1	24	0	10000	1	1	0	11	2	1	0	0	1	20	2.5	1.5	1	12	10
3559	2	1	31	0	2000	1	2	1	11	5	0	0	0	0.67	14	2.5	0.33	0	10	15
3565	1	2	31	1	10000	1	1	0	7	0	0	0	1	0.5	14	10	1.33	1	12	20
3567	2	1	23	1	20000	1	1	1	8	5	0	0	0	0.67	12	10	1.33	1	8	10
3571	1	1	25	1	35000	1	4	0	8	5	0	0	0	0.67	10	10	0.75	1	9	17.5
3572	1	6	32	1	22000	1	2	0	8	2	0	0	0	0.67	20	2.5	1.415	1	12	15
3574	1	1	22	1	7000	1	3	0	8	5	0	0	0	0.5	8	15	0.915	1	7	7.5
3583	1	1	25	1	10000	1	2	0	2	5	0	0	0	0.83	30	15	1.17	1	8	10
3584	2	4	40	0	10000	1	1	0	1	5	0	0	0	0.5	12	10	1.17	1	12	15
3589	2	2	26	0	5000	1	1	0	2	5	0	0	0	0.67	12	2.5	1	0	6	20
3591	2	1	24	1	4000	1	1	0	8	5	0	0	0	0.83	30	3.75	0.83	1	8	20
3592	2	6	47	0	6000	1	1	1	2	5	0	0	0	0.33	6	2.5	1	1	8	15
3603	1	2	37	0	35000	1	2	0	9	4	0	0	0	1.17	30	25	1.17	1	10	15
3606	1	1	25	0	20000	1	2	0	6	3	0	0	0	0.5	6	2.5	0.83	0	8	15
3613	1	2	25	1	10000	1	1	1	8	5	0	0	0	0.5	8	5	1	1	8	10
3625	1	1	20	0	16000	1	1	0	8	5	0	0	0	0.5	6	15	1	1	8	10
3632	1	7	72	1	16000	1	1	0	8	5	0	0	0	0.5	30	15	1	1	8	15
3639	2	4	42	0	12000	1	1	0	8	5	0	0	0	0.585	30	5	1.67	1	8	10
3641	1	4	33	0	5000	1	2	0	8	5	0	0	0	0.5	12	5	1.17	1	8	10
3644	2	1	23	0	10000	1	2	0	2	4	0	0	0	0.33	12	2.5	1	1	6	20
3648	1	7	31	0	14000	1	2	0	8	5	0	0	0	0.67	8	2.5	0.67	0	8	15
3649	2	2	28	0	10000	1	1	0	8	5	0	0	0	0.5	10	5	0.83	1	12	20
3657	2	3	25	0	10000	1	1	1	8	5	0	0	0	0.5	10	3.75	1.5	1	8	30
3659	1	1	25	0	35000	1	3	0	8	5	1	0	0	1	14	2.5	1.17	1	10	15
3662	1	7	60	0	10000	1	1	0	8	3	0	0	0	0.67	14	2.5	1	1	8	10
3663	2	3	23	0	9000	1	2	0	6	1	0	0	0	0.5	10	5	0.67	0	8	35
3664	1	2	29	1	5000	1	1	1	8	1	1	0	0	0.5	10	2.5	1.335	1	8	35
3665	1	7	36	0	12000	1	1	0	8	5	0	0	0	0.67	10	10	1.67	1	12	10
3669	2	1	20	1	20000	1	2	1	8	5	0	0	0	0.5	10	5	0.83	1	6	10
3671	1	6	33	1	4000	1	2	0	2	3	0	0	0	0.67	20	5	1	1	8	15
3678	2	2	27	0	16000	1	1	0	8	5	0	0	0	0.5	10	5	1	0	8	15
3680	2	1	20	0	3000	1	1	0	8	4	0	0	0	1	18	10	2	1	12	15
3682	1	7	56	1	18000	1	3	0	8	5	0	0	0	0.5	16	2.5	1.67	1	8	20
3684	2	1	19	0	4000	1	2	0	6	5	0	0	0	0.915	18	2.5	1.5	1	12	15
3685	2	1	24	0	2000	1	1	0	8	5	0	0	0	1	20	2.5	1.17	1	16	30
3686	1	7	31	1	8000	1	1	0	11	3	0	0	0	0.33	10	2.5	0.67	0	11	12.5
3689	2	1	45	0	10000	1	1	0	6	3	0	0	0	0.5	12	5	0.67	0	8	15
3694	2	4	39	0	5000	1	1	1	8	5	0	0	0	0.5	15	6.25	0.83	1	8	20
3696	1	7	36	0	16000	1	2	0	8	5	0	0	0	0.67	30	70	0.83	1	8	15
3698	2	2	23	0	10000	1	1	0	11	3	0	0	0	0.83	20	5	1	0	6	15
3699	2	1	21	0	10000	1	1	0	6	5	0	0	0	0.915	18	2.5	1.17	0	12	5
3701	2	1	21	1	7000	1	1	0	1	5	0	0	0	0.83	14	5	0.67	1	8	40
3704	1	6	61	1	22000	1	2	0	8	5	0	0	0	0.5	20	5	1	1	8	10
3706	1	7	53	0	8000	1	1	0	8	5	0	0	0	0.5	8	2.5	0.83	0	8	15
3707	2	1	20	1	6000	1	1	0	2	5	0	0	0	0.83	30	3.75	1	0	8	20
3711	1	2	26	0	20000	1	2	0	8	5	0	0	0	0.5	10	10	1	1	8	10
3714	1	7	35	1	10000	1	1	0	8	3	0	0	0	0.33	6	2.5	1	1	8	10
3718	2	2	25	0	7000	1	2	0	8	2	0	0	0	1	30	2.5	2.17	0	8	20
3723	2	1	53	0	7000	1	1	1	8	5	0	0	0	0.915	20	5	2.33	1	14	25
3728	1	1	27	0	6000	1	1	0	6	1	0	0	0	0.5	8	10	1.085	1	8	15
3733	2	4	28	0	8000	1	1	0	11	5	0	0	0	0.33	10	2.5	0.5	0	8	15
3741	1	5	61	1	5000	1	1	0	8	5	0	0	0	0.17	4	60	0.33	1	14	2.5
3745	2	1	22	0	14000	1	1	0	8	5	0	0	0	0.5	10	10	1	0	12	10
3754	1	1	28	1	2000	1	1	0	11	5	0	0	0	0.67	10	5	1.17	1	8	2.5
3761	2	1	19	1	16000	1	3	0	8	2	0	0	0	0.83	30	3.75	1	1	6	40
3763	2	1	22	0	1000	1	1	0	2	5	0	0	0	0.415	11	2.5	1.83	1	16	15
3772	1	7	50	1	18000	1	1	0	8	5	0	0	0	0.5	8	2.5	1	1	8	15
3773	2	4	55	0	12000	1	1	0	1	5	0	0	0	0.67	20	10	0.67	0	8	10
3778	2	1	25	1	10000	1	2	0	6	2	0	0	0	0.83	30	3.75	1.67	1	10	15
3779	1	1	22	0	10000	1	2	0	8	5	0	0	0	0.67	14	5	1.5	1	10	10
3780	1	3	36	1	18000	1	1	0	8	0	0	0	1	0.33	10	2.5	1	1	8	10
3784	2	2	24	0	4000	1	1	0	2	5	0	0	0	1	6	2.5	0.83	1	8	20
3788	1	2	33	1	6000	1	2	1	1	1	0	0	0	0.67	20	2.5	2	1	12	10
3791	1	1	20	1	30000	1	3	0	8	5	0	0	0	0.5	10	5	0.83	1	6	10
3792	1	2	25	0	12000	1	2	0	2	4	0	0	0	0.5	14	10	1	1	8	25
3794	2	2	27	0	10000	1	1	0	8	5	0	0	0	0.75	9	6.25	0.67	1	6	15
3799	2	2	33	0	8000	1	1	0	1	5	0	0	0	0.5	10	5	1.33	1	6	10
3801	2	1	28	1	2000	1	2	0	1	2	0	0	0	0.915	20	5	2.5	1	12	15
3806	2	2	30	1	3000	1	1	0	8	5	0	0	0	0.33	20	2.5	1	1	8	10
3808	1	3	30	0	30000	1	2	0	9	5	0	0	0	0.5	14	2.5	0.585	0	6	15
3811	2	1	23	1	4000	1	1	1	11	0	0	1	0	0.5	18	5	2	0	10	15
3814	1	7	63	1	14000	1	1	0	8	5	0	0	0	0.67	20	2.5	1.67	1	12	10
3819	2	1	23	1	3000	1	1	0	2	5	0	0	0	0.83	14	5	1	1	8	10
3822	1	7	59	1	26000	1	3	0	8	5	0	0	0	0.67	16	10	1.17	1	8	35
3827	1	7	58	0	12000	1	1	0	8	5	0	0	0	1	10	2.5	1.17	1	10	15
3830	1	1	25	1	14000	1	1	1	1	5	0	0	0	0.67	14	5	0.83	1	12	17.5
3834	2	7	55	1	12000	1	1	0	9	4	0	0	0	0.5	12	2.5	1.33	1	12	20
3836	2	1	23	1	1000	1	1	0	6	5	0	0	0	0.415	12	5	1.33	1	14	15
3847	2	1	59	0	4000	1	1	0	6	5	0	0	0	0.75	9	5	1.5	1	18	5
3851	1	7	39	0	22000	1	1	0	2	5	0	0	0	0.83	16	15	1.5	1	10	10
3854	1	2	26	0	5000	1	2	0	2	5	0	0	0	1	30	5	0.915	1	10	7.5
3857	2	2	25	0	2000	1	1	0	2	4	0	0	0	0.915	18	2.5	1	0	12	15
3858	1	2	34	0	10000	1	1	0	2	5	0	0	0	0.17	30	10	0.5	1	6	15
3861	1	2	25	0	9000	1	2	0	2	0	0	1	0	0.5	10	2.5	1	1	8	25
3864	1	2	28	1	4000	1	1	0	8	5	0	0	0	0.33	12	5	1	0	8	15
3871	1	2	26	0	5000	1	1	0	8	5	0	0	0	0.5	6	10	1	0	8	15
3881	2	1	19	1	20000	1	1	0	8	4	0	0	0	0.5	10	2.5	0.67	0	6	15
3883	1	4	38	0	5000	1	1	0	9	4	0	0	0	0.67	20	15	1.67	1	12	10
3886	1	7	62	1	10000	1	1	0	8	5	0	0	0	0.33	20	2.5	0.83	1	6	10
3887	1	6	32	1	14000	1	1	1	9	2	0	0	0	0.67	16	2.5	2	1	10	15
3889	1	2	28	1	5000	1	1	1	11	3	0	0	0	0.5	10	2.5	1	1	8	15
3893	2	2	23	1	10000	1	1	0	8	5	0	0	0	0.5	12	10	1.5	1	14	10
3894	1	7	45	1	1000	1	1	0	2	5	0	0	0	0.5	30	15	0.83	0	8	15
3895	1	1	22	0	16000	1	4	1	8	3	0	0	0	0.67	16	5	1.17	1	8	35
3906	1	2	36	1	14000	1	2	1	2	1	0	0	0	1.17	30	5	2	1	10	15
3909	2	1	24	0	2000	1	1	1	6	5	0	0	0	0.33	10	5	0.83	0	8	40
3914	1	4	26	0	8000	1	2	0	2	5	0	0	0	0.5	10	2.5	0.83	0	10	15
3919	2	1	19	1	7000	1	1	0	8	5	0	0	0	0.67	12	2.5	1.17	1	2	2.5
3922	1	7	63	1	16000	1	1	0	1	5	0	0	0	0.33	10	5	1	1	8	10
3930	2	1	26	0	7000	1	1	1	8	5	0	0	0	0.83	20	5	1.33	1	8	5
3935	1	2	34	1	14000	1	1	1	6	3	0	0	0	0.5	14	10	1	1	12	20
3950	1	2	29	0	14000	1	1	0	8	3	0	0	0	0.33	10	60	1	1	10	25
3953	2	1	24	0	4000	1	1	0	2	5	0	0	0	1	20	2.5	2.5	1	12	5
3957	1	1	24	1	10000	1	2	0	8	5	0	0	0	0.5	14	2.5	1	1	8	25
3960	2	1	24	1	35000	1	2	1	2	5	0	0	0	0.5	10	3.75	1	1	6	10
3966	2	1	29	0	1000	1	1	0	6	4	0	0	0	0.915	18	2.5	2	1	12	5
3969	2	1	24	0	20000	1	1	0	6	5	0	0	0	0.33	10	5	0.67	1	8	45
3973	1	7	60	0	35000	1	2	0	8	2	0	0	0	0.67	30	5	0.585	0	6	15
3980	2	1	22	0	10000	1	2	0	2	5	0	0	0	0.83	20	5	1	1	10	5
3982	1	6	37	1	14000	1	2	0	2	5	0	0	0	0.5	10	10	0.67	1	8	10
3984	1	2	32	0	7000	1	2	1	8	0	0	1	0	0.67	18	5	1	1	8	10
3989	1	1	24	0	20000	1	3	0	2	5	0	0	0	1	20	2.5	1.17	1	10	15
3996	2	1	21	0	10000	1	1	1	6	2	0	0	0	0.5	10	3.75	1	1	8	10
4006	1	7	40	0	16000	1	2	0	2	5	0	0	0	0.83	30	5	0.83	1	8	15
4009	2	1	34	1	3000	1	1	1	2	4	0	0	0	0.915	18	2.5	0.83	1	18	30
4021	1	4	54	1	6000	1	2	1	11	5	0	0	0	0.33	10	35	0.33	1	14	2.5
4024	2	1	19	1	10000	1	2	0	8	5	0	0	0	0.5	18	15	1.33	1	8	30
4026	2	1	22	0	4000	1	1	0	8	3	0	0	0	0.83	20	5	1.17	1	12	35
4028	2	1	27	0	4000	1	1	0	6	5	0	0	0	0.5	10	5	0.67	0	8	10
4034	2	1	23	0	6000	1	1	0	2	5	0	0	0	0.67	12	10	1.5	1	8	15
4040	1	7	57	0	10000	1	2	0	2	5	0	0	0	0.67	14	5	0.915	1	11	12.5
4047	1	7	40	1	1000	1	4	0	2	5	0	0	0	0.5	10	2.5	0.83	0	8	15
4048	2	1	18	0	35000	1	1	0	2	5	0	0	0	0.915	20	5	1.33	1	12	20
4049	1	7	50	0	20000	1	2	0	2	5	0	0	0	0.83	30	10	0.67	0	8	15
4051	2	1	24	0	3000	1	1	1	2	5	1	0	0	1	20	2.5	1	1	18	70
4052	1	2	25	0	16000	1	3	0	2	5	0	0	0	0.83	14	5	0.67	0	8	15
4053	2	1	22	0	10000	1	2	0	2	1	0	0	0	0.5	10	5	1.33	1	10	15
4059	2	1	23	1	16000	1	1	0	8	5	0	0	0	0.67	16	5	1.17	1	8	35
4060	1	2	27	0	5000	1	3	0	2	5	0	0	0	0.83	10	2.5	1	1	8	15
4061	2	1	21	0	6000	1	1	1	2	4	0	0	0	0.835	14	20	0.5	1	18	10
4080	2	1	19	0	28000	1	1	1	8	5	0	0	0	0.5	12	5	0.5	0	8	15
4087	2	1	32	1	3000	1	1	1	2	3	0	0	0	1	18	10	0.67	0	12	30
4093	2	1	22	0	5000	1	1	0	6	4	0	0	0	1	30	2.5	2.17	1	8	15
4099	1	2	51	0	8000	1	1	0	11	4	0	0	0	0.67	8	2.5	1	1	8	10
4102	2	1	22	0	9000	1	2	0	8	5	0	0	0	0.67	20	10	1	1	8	5
4104	2	1	21	0	12000	1	2	0	2	5	0	0	0	0.33	10	2.5	0.67	0	12	2.5
4106	2	1	29	0	14000	1	2	0	8	5	0	0	0	0.67	20	10	0.83	1	2	10
4113	2	1	20	1	3000	1	1	0	2	5	0	0	0	0.75	30	6.25	1.33	0	6	40
4117	1	7	63	1	1000	1	2	0	8	1	0	0	0	0.5	20	10	1	1	8	10
4125	1	2	29	0	5000	1	1	1	6	1	0	0	0	0.33	6	2.5	0.83	1	8	2.5
4126	1	2	55	1	35000	1	2	0	8	0	0	1	0	0.67	30	15	0.83	1	8	15
4134	1	7	58	1	16000	1	1	0	8	3	0	0	0	0.67	30	10	1.17	1	8	35
4138	2	1	25	0	7000	1	1	1	11	4	0	0	0	0.5	14	3.75	1	1	8	25
4141	1	1	37	1	7000	1	1	1	1	3	0	0	0	1	10	2.5	0.67	0	8	15
4145	2	1	22	0	3000	1	2	0	1	5	0	0	0	0.67	19	6.25	2.5	1	10	15
4147	2	1	19	1	9000	1	1	0	8	4	0	0	0	0.5	12	3.75	0.83	1	14	10
4148	2	1	20	1	5000	1	1	1	11	0	0	1	0	1	30	7.5	1.5	1	2	15
4150	2	2	29	1	14000	1	1	1	8	0	0	0	1	0.5	10	3.75	1	1	8	5
4151	2	1	21	1	3000	1	1	0	8	5	0	0	0	0.17	30	10	0.5	1	2	10
4157	1	2	28	0	12000	1	2	0	2	5	0	0	0	0.5	16	5	1	1	10	25
4159	2	2	35	1	5000	1	2	1	11	0	0	1	0	0.915	20	5	1.67	1	16	10
4161	1	2	33	1	20000	1	1	1	8	2	0	0	0	0.5	12	5	1	1	8	10
4169	1	2	32	0	9000	1	1	0	11	1	0	0	0	0.33	6	70	0.33	1	14	2.5
4170	2	1	19	0	1000	1	2	1	11	5	0	0	0	0.5	8	10	1	1	8	10
4178	2	2	27	0	6000	1	1	0	6	5	0	0	0	0.33	10	5	0.83	1	8	10
4182	1	1	21	0	4000	1	1	0	2	5	0	0	0	0.5	12	15	0.915	1	11	22.5
4184	2	1	22	0	10000	1	2	1	8	5	0	0	0	0.67	12	2.5	0.67	0	14	10
4185	1	1	58	0	14000	1	3	0	8	2	0	0	0	0.67	6	2.5	0.67	1	8	10
4191	2	1	19	1	20000	1	1	0	8	4	0	0	0	0.585	20	3.75	0.83	0	6	20
4193	2	1	20	1	8000	1	2	0	8	5	0	0	0	1.17	30	2.5	2.33	1	12	20
4195	1	7	36	0	22000	1	2	1	8	5	0	0	0	0.5	30	2.5	1.67	1	8	20
4200	2	1	19	1	4000	1	1	0	2	5	0	0	0	0.5	10	5	1.5	1	6	20
4206	2	1	21	0	8000	1	3	1	1	4	0	0	0	0.83	30	3.75	1	1	10	10
4208	1	1	21	0	7000	1	2	0	9	5	0	0	0	0.67	12	10	1	0	8	15
4216	2	1	22	1	4000	1	1	1	1	5	0	0	0	1	30	2.5	2.33	1	8	15
4220	2	1	21	1	10000	1	1	0	8	4	0	0	0	0.67	15	7.5	0.67	0	10	10
4226	2	4	41	1	7000	1	2	0	11	2	0	0	0	0.33	10	5	1	1	6	25
4227	1	7	50	0	8000	1	1	1	2	4	0	0	0	0.5	14	5	0.67	1	8	10
4228	2	6	29	1	8000	1	1	1	2	5	0	0	0	0.67	15	7.5	0.5	1	14	10
4235	1	1	19	1	30000	1	4	0	6	5	0	0	0	0.67	20	2.5	1.5	1	10	10
4236	2	1	24	1	4000	1	1	0	2	4	0	0	0	0.75	20	5	1.5	1	8	2.5
4245	2	1	23	0	6000	1	1	1	2	5	1	0	0	0.75	9	5	1.67	1	14	30
4255	1	2	28	0	20000	1	1	0	8	3	0	0	0	0.67	14	10	1.33	1	8	20
4256	1	7	53	1	22000	1	2	0	8	5	0	0	0	0.5	10	5	0.83	1	8	15
4258	1	1	23	1	22000	1	1	1	8	2	0	0	0	0.33	10	2.5	1	1	8	25
4269	2	2	28	1	3000	1	1	0	8	5	1	0	0	0.5	12	10	1	0	8	15
4270	1	2	64	1	35000	1	2	0	8	0	0	0	1	0.5	2	5	0.83	0	8	15
4271	1	2	38	0	6000	1	1	0	2	5	0	0	0	0.5	6	5	0.67	1	8	10
4272	1	1	32	1	3000	1	3	1	8	5	1	0	0	0.17	8	15	0.33	1	14	2.5
4277	2	1	26	1	3000	1	1	1	6	5	0	0	0	0.5	14	5	0.83	1	8	35
4279	2	1	30	1	9000	1	2	0	1	3	0	0	0	0.67	10	2.5	1.17	1	8	2.5
4294	2	1	18	1	12000	1	3	0	8	5	0	0	0	0.585	20	3.75	0.83	1	8	15
4301	1	2	26	1	26000	1	2	0	2	5	1	0	0	1	30	2.5	1.67	1	12	10
4302	2	1	20	1	3000	1	2	0	8	4	0	0	0	0.67	15	7.5	1.5	1	12	15
4304	2	1	21	1	12000	1	3	0	8	4	0	0	0	0.5	12	15	0.67	1	8	5
4306	1	2	36	0	10000	1	1	1	8	5	0	0	0	0.67	20	2.5	1	1	8	10
4311	2	1	34	0	3000	1	1	1	6	4	0	0	0	1	20	2.5	1.83	1	18	10
4315	1	7	63	0	16000	1	1	0	8	5	0	0	0	0.5	20	70	0.585	0	6	15
4319	1	1	25	1	10000	1	3	0	8	4	0	0	0	0.5	10	10	1	1	8	10
4327	1	2	51	0	14000	1	2	0	8	2	0	0	0	0.83	30	5	2	1	10	15
4329	2	1	19	0	6000	1	2	0	8	5	0	0	0	0.5	12	10	1.17	1	14	20
4336	2	1	19	1	10000	1	1	0	8	5	0	0	0	0.5	10	2.5	0.83	1	8	15
4340	1	7	46	1	6000	1	1	0	6	2	0	0	0	0.33	16	2.5	0.83	1	6	10
4345	1	2	27	0	5000	1	1	1	2	5	0	0	0	0.33	16	5	0.67	0	11	12.5
4348	2	1	24	1	20000	1	2	1	6	3	0	0	0	0.5	10	5	1.33	1	8	10
4352	2	1	22	0	10000	1	1	1	1	5	0	0	0	0.33	10	2.5	1	1	14	30
4372	2	2	35	0	5000	1	1	0	2	3	0	0	0	0.5	14	3.75	1	1	8	25
4373	1	7	38	0	8000	1	1	0	1	4	0	0	0	0.67	16	10	1.33	1	12	20
4382	2	1	24	0	12000	1	1	1	6	5	0	0	0	0.67	20	10	0.83	1	14	20
4383	2	2	28	0	3000	1	1	0	2	5	0	0	0	0.5	12	2.5	1	0	8	20
4396	1	1	22	0	6000	1	1	0	2	5	0	0	0	0.17	6	2.5	1.17	1	10	10
4402	2	1	24	0	5000	1	1	0	8	5	0	0	0	0.5	10	3.75	1.17	1	8	20
4406	1	2	42	1	6000	1	1	1	8	1	0	0	0	0.67	4	15	1	1	8	10
4408	2	1	21	0	16000	1	2	0	8	4	0	0	0	0.5	10	5	1	1	8	10
4409	1	4	35	1	20000	1	2	1	9	2	0	0	0	0.67	20	10	0.83	1	6	10
4410	1	1	57	1	10000	1	1	1	6	3	0	0	0	0.67	30	20	1.17	1	8	10
4411	2	1	24	0	2000	1	1	1	6	3	1	0	0	0.415	9	2.5	1.17	1	10	10
4414	2	1	26	0	5000	1	1	1	2	0	0	0	1	0.83	20	5	1.5	1	6	15
4421	1	7	53	1	10000	1	1	0	8	4	0	0	0	0.5	20	2.5	1.67	1	12	10
4429	1	2	28	0	10000	1	1	1	8	2	0	0	0	0.33	4	10	0.83	0	10	15
4430	2	1	19	0	5000	1	1	0	8	5	0	0	0	0.415	10	10	1	1	14	40
4433	2	2	27	0	10000	1	1	1	8	4	0	0	0	0.415	9	2.5	0.67	1	8	2.5
4435	2	2	26	1	2000	1	1	0	2	5	0	0	0	0.67	12	10	1.17	1	8	20
4438	2	1	19	0	12000	1	2	0	11	5	0	0	0	1	30	2.5	2	1	12	10
4439	2	1	28	0	10000	1	3	0	6	5	0	0	0	1	30	2.5	2	1	12	10
4444	1	1	22	0	16000	1	2	1	8	5	0	0	0	0.83	18	10	1.17	1	8	10
4448	1	1	23	1	14000	1	3	1	8	3	0	0	0	0.5	20	10	0.67	0	8	15
4459	2	1	18	0	6000	1	2	1	1	3	0	0	0	0.5	10	5	1	1	8	2.5
4461	2	1	25	1	16000	1	1	0	2	5	1	0	0	0.915	20	5	1.5	1	12	2.5
4470	2	2	30	1	12000	1	2	1	1	2	0	0	0	1	30	2.5	2	1	10	5
4472	2	2	24	1	5000	1	3	0	2	5	0	0	0	0.75	20	5	1.67	0	12	30
4477	2	1	20	1	3000	1	2	0	1	4	0	0	0	0.67	8	5	1.17	1	6	35
4478	2	1	22	0	9000	1	1	1	2	5	0	0	0	0.33	12	2.5	1.67	0	14	40
4479	1	2	53	0	14000	1	1	0	2	1	0	0	0	0.5	20	2.5	1.085	1	8	15
4482	1	7	50	1	12000	1	1	0	8	5	0	0	0	0.33	10	2.5	0.67	0	8	15
4486	1	1	59	1	2000	1	1	1	6	3	0	0	0	0.5	30	10	0.67	1	8	30
4492	1	7	81	1	18000	1	1	0	8	5	0	0	0	0.67	20	10	1.33	1	8	20
4493	1	7	53	1	16000	1	1	0	8	5	0	0	0	0.33	8	2.5	1	1	10	25
4500	2	1	28	0	2000	1	1	1	1	5	0	0	0	0.67	19	6.25	2	1	8	20
4501	2	2	36	0	7000	1	1	1	2	2	0	0	0	0.75	30	6.25	1	0	12	5
4502	1	2	30	1	5000	1	1	0	2	2	0	0	0	0.83	30	10	1.25	1	8	15
4509	1	1	51	1	4000	1	1	0	6	4	0	0	0	1.17	14	15	0.915	1	10	7.5
4512	1	2	40	1	14000	1	1	1	8	1	0	0	0	0.83	20	5	1.17	1	10	15
4518	1	1	25	1	16000	1	3	0	8	5	1	0	0	1	14	2.5	0.67	1	8	30
4521	2	1	22	1	2000	1	1	0	6	5	0	0	0	0.67	14	2.5	1	0	8	5
4524	2	2	32	0	5000	1	1	0	2	5	0	0	0	0.5	10	2.5	1	0	6	10
4528	1	7	53	1	24000	1	2	0	8	5	0	0	0	1.17	30	2.5	2.33	1	12	20
4536	1	1	23	0	35000	1	4	1	8	3	0	0	0	0.67	30	10	1.17	1	10	15
4541	2	1	25	0	12000	1	2	0	8	5	0	0	0	0.67	19	6.25	1.5	1	6	10
4542	2	2	26	0	18000	1	2	0	9	5	0	0	0	0.915	20	5	1.17	1	12	2.5
4544	2	1	23	0	10000	1	3	1	2	1	0	0	0	0.33	10	5	0.5	0	8	15
4554	2	1	21	0	5000	1	1	0	2	5	0	0	0	0.67	12	2.5	1	0	8	25
4557	2	1	21	0	3000	1	1	0	6	5	0	0	0	0.915	18	2.5	1.83	1	12	10
4560	2	1	21	0	24000	1	3	0	8	5	0	0	0	0.67	19	6.25	1.5	1	8	20
4566	2	1	26	1	2000	1	1	0	2	5	0	0	0	1	20	2.5	2	1	12	5
4576	1	6	35	0	8000	1	1	0	2	5	0	0	0	0.83	30	2.5	1.415	1	12	15
4577	2	2	25	1	18000	1	2	0	8	1	0	0	0	0.915	20	5	1.5	1	12	10
4579	2	1	21	0	2000	1	1	0	1	5	0	0	0	0.33	8	10	0.83	1	8	2.5
4584	2	1	21	1	2000	1	1	0	6	5	0	0	0	0.5	8	15	0.83	1	8	20
4585	1	4	26	0	24000	1	2	0	6	0	0	0	1	0.67	10	2.5	1.17	1	8	10
4588	1	1	25	1	3000	1	1	0	8	5	0	0	0	1	16	15	1.25	1	14	17.5
4597	1	7	65	1	18000	1	1	0	8	5	0	0	0	0.33	20	2.5	1	1	8	10
4600	2	4	47	0	12000	1	1	0	1	5	0	0	0	0.33	6	2.5	1	0	8	15
4602	2	1	21	0	4000	1	2	0	1	5	1	0	0	0.33	6	2.5	0.5	1	6	10
4608	1	2	48	1	12000	1	2	1	10	3	0	0	0	0.33	10	2.5	0.67	1	8	10
4610	1	7	35	1	12000	1	1	0	8	5	0	0	0	0.5	8	2.5	0.67	0	8	15
4612	2	1	24	1	20000	1	2	1	8	0	0	1	0	0.83	20	5	0.5	0	12	15
4615	2	2	28	1	7000	1	1	1	8	0	0	1	0	0.83	30	3.75	1	1	10	20
4616	2	6	61	1	5000	1	1	0	8	5	0	0	0	0.5	12	5	0.83	1	8	20
4618	1	1	22	1	10000	1	2	1	6	5	0	0	0	0.33	4	2.5	1.17	1	8	5
4619	1	4	44	1	6000	1	1	0	6	5	0	0	0	0.33	30	5	0.83	0	8	15
4620	1	1	57	1	2000	1	4	0	1	5	0	0	0	0.33	6	5	0.67	1	8	10
4621	1	2	27	0	3000	1	1	0	8	5	0	0	0	0.5	8	10	1	1	12	20
4626	1	7	39	0	12000	1	1	0	8	5	0	0	0	0.5	12	10	0.67	1	8	10
4628	2	1	25	0	18000	1	2	1	8	5	0	0	0	0.5	10	5	0.67	1	6	2.5
4632	2	2	38	1	22000	1	1	0	8	5	0	0	0	0.5	10	10	1	1	8	20
4634	1	6	38	1	14000	1	1	0	8	5	0	0	0	0.5	10	2.5	1	1	8	10
4635	1	7	39	0	18000	1	2	0	2	5	0	0	0	0.67	12	10	0.67	0	8	15
4636	2	2	45	1	6000	1	2	1	1	3	0	0	0	0.67	15	7.5	2	0	12	10
4638	2	1	20	0	6000	1	1	0	6	4	0	0	0	0.33	10	2.5	0.5	0	8	10
4641	1	6	35	0	18000	1	1	0	2	2	0	0	0	0.67	14	2.5	1.17	1	8	35
4646	1	4	33	0	10000	1	3	0	9	5	0	0	0	1	20	10	1.67	1	12	25
4647	1	4	33	1	5000	1	1	0	8	5	0	0	0	1	14	20	2	1	12	10
4648	1	4	52	0	16000	1	1	0	6	5	0	0	0	0.5	16	10	1	1	8	10
4649	2	1	22	0	4000	1	2	1	11	0	0	0	1	0.75	30	6.25	1.5	1	6	20
4650	1	2	42	1	8000	1	1	1	8	3	0	0	0	1	16	5	1.67	1	12	10
4653	2	4	59	0	20000	1	2	0	8	5	0	0	0	0.83	30	3.75	1	1	6	10
4654	2	2	28	0	6000	1	1	1	6	3	0	0	0	0.33	10	5	1.5	1	14	10
4661	2	2	28	1	7000	1	1	0	2	5	0	0	0	0.5	10	5	0.83	1	8	30
4665	1	6	37	1	14000	1	2	1	8	5	0	0	0	0.33	16	5	0.33	0	8	5
4676	1	2	46	0	3000	1	1	0	2	5	0	0	0	0.33	30	70	1	0	8	20
4677	1	1	24	1	10000	1	2	0	8	5	0	0	0	0.83	20	2.5	1.17	1	10	15
4681	2	7	64	1	14000	1	1	1	8	4	0	0	0	1	6	2.5	0.67	1	8	15
4684	2	1	20	0	7000	1	1	0	1	5	0	0	0	0.5	18	15	1	0	6	10
4687	1	7	32	1	9000	1	1	0	8	4	0	0	0	0.5	16	5	1.33	1	8	20
4689	1	7	32	0	12000	1	1	0	8	5	0	0	0	0.5	16	2.5	0.67	0	8	15
4690	2	2	29	1	12000	1	1	0	8	5	0	0	0	0.67	10	5	1	1	8	10
4694	1	7	45	0	9000	1	1	0	6	3	0	0	0	0.83	30	10	0.83	1	12	17.5
